0 0.67578125 0.69921875 0.025 0.053125
0 0.7421875 0.6734375 0.025 0.025
0 0.50390625 0.6546875 0.02265625 0.02734375
0 0.48125 0.6296875 0.03203125 0.0328125
0 0.53984375 0.76796875 0.01796875 0.03046875
0 0.57578125 0.77109375 0.02421875 0.02578125
0 0.5578125 0.771875 0.01875 0.03359375
0 0.3796875 0.65078125 0.028125 0.03125
0 0.3875 0.65390625 0.03515625 0.0234375
0 0.3734375 0.69921875 0.01484375 0.0296875
0 0.29609375 0.64921875 0.02578125 0.02109375
0 0.3171875 0.6515625 0.02109375 0.03359375
0 0.175 0.7453125 0.04296875 0.0375
0 0.184375 0.67265625 0.03046875 0.0328125
0 0.19140625 0.6265625 0.02265625 0.0234375
0 0.6609375 0.6625 0.01953125 0.0390625
0 0.76796875 0.6609375 0.02578125 0.0234375