0 0.203125 0.62578125 0.02734375 0.03671875
0 0.25 0.64765625 0.0265625 0.03359375
0 0.30078125 0.6453125 0.02890625 0.0359375
0 0.28515625 0.67890625 0.0265625 0.0390625
0 0.5078125 0.63046875 0.02421875 0.0296875
0 0.55078125 0.68359375 0.01953125 0.03984375
0 0.628125 0.75390625 0.03515625 0.04765625
0 0.58828125 0.67578125 0.0296875 0.04140625
0 0.63046875 0.6640625 0.02890625 0.0484375
0 0.68515625 0.69375 0.02890625 0.0296875
0 0.47578125 0.65 0.025 0.02890625
0 0.17421875 0.740625 0.03828125 0.05390625
0 0.58671875 0.653125 0.02890625 0.03828125