0 0.21953125 0.62890625 0.01796875 0.03203125
0 0.20078125 0.62578125 0.01328125 0.01328125
0 0.18515625 0.64765625 0.03046875 0.0453125
0 0.24609375 0.67578125 0.0203125 0.0625
0 0.30234375 0.640625 0.03125 0.04609375
0 0.43203125 0.696875 0.0390625 0.0515625
0 0.3953125 0.67578125 0.0375 0.0421875
0 0.4765625 0.64375 0.01640625 0.028125
0 0.4921875 0.63359375 0.03046875 0.034375
0 0.55625 0.64296875 0.01796875 0.0234375
0 0.58359375 0.6609375 0.03203125 0.03984375
0 0.64453125 0.6578125 0.04921875 0.04140625
0 0.6234375 0.74140625 0.04921875 0.0546875
0 0.76171875 0.6578125 0.02734375 0.0421875
0 0.74375 0.68671875 0.01796875 0.03125