0 0.403125 0.70703125 0.02890625 0.03828125
0 0.3625 0.65546875 0.02265625 0.03671875
0 0.47734375 0.66015625 0.02890625 0.03515625
0 0.39609375 0.6859375 0.0328125 0.04296875
0 0.50234375 0.6671875 0.01875 0.034375
0 0.50625 0.6140625 0.02265625 0.04140625
0 0.596875 0.71796875 0.0296875 0.046875
0 0.58125 0.66015625 0.02578125 0.0296875
0 0.61796875 0.6640625 0.02109375 0.03359375
0 0.6484375 0.7109375 0.0234375 0.04609375
0 0.2578125 0.72421875 0.02734375 0.04140625
0 0.19609375 0.76328125 0.03203125 0.05234375
0 0.1578125 0.74765625 0.034375 0.0375
0 0.18125 0.63828125 0.0125 0.01796875
0 0.234375 0.63203125 0.0203125 0.0296875
0 0.1984375 0.63671875 0.0140625 0.01796875
0 0.31640625 0.63984375 0.03046875 0.02578125