0 0.184375 0.86796875 0.06015625 0.0671875
0 0.1515625 0.85390625 0.02890625 0.04375
0 0.240625 0.696875 0.0328125 0.0421875
0 0.2234375 0.6265625 0.0203125 0.02890625
0 0.3046875 0.6625 0.0265625 0.03125
0 0.3671875 0.63828125 0.02734375 0.03125
0 0.41015625 0.6453125 0.028125 0.034375
0 0.3921875 0.7015625 0.03359375 0.0328125
0 0.54765625 0.8359375 0.046875 0.059375
0 0.4875 0.93828125 0.05625 0.07109375
0 0.68203125 0.83203125 0.0421875 0.08359375
0 0.53828125 0.61875 0.021875 0.03828125
0 0.5265625 0.6421875 0.0234375 0.02578125
0 0.646875 0.66640625 0.0375 0.04453125
0 0.7015625 0.6984375 0.03515625 0.05234375
0 0.8390625 0.7828125 0.028125 0.075
0 0.89375 0.91875 0.0828125 0.071875
0 0.803125 0.6234375 0.0375 0.04140625
0 0.8390625 0.6703125 0.02578125 0.03828125
0 0.42890625 0.6046875 0.01953125 0.02265625