0 0.2171875 0.6734375 0.021875 0.028125
0 0.2515625 0.66875 0.0203125 0.02578125
0 0.20078125 0.865625 0.04375 0.05859375
0 0.22734375 0.8328125 0.04140625 0.04453125
0 0.34765625 0.67109375 0.02109375 0.03203125
0 0.35859375 0.70390625 0.02734375 0.03671875
0 0.3265625 0.621875 0.01796875 0.03203125
0 0.64765625 0.6328125 0.0296875 0.03515625
0 0.66640625 0.625 0.0171875 0.02890625
0 0.7515625 0.64921875 0.034375 0.0375
0 0.740625 0.8640625 0.0390625 0.05390625
0 0.84765625 0.90859375 0.04296875 0.0828125
0 0.82578125 0.7796875 0.0296875 0.06484375
0 0.80390625 0.70546875 0.01953125 0.02734375
0 0.9109375 0.6296875 0.03359375 0.0390625
0 0.8546875 0.746875 0.03828125 0.05625
0 0.97734375 0.61015625 0.03203125 0.04609375
0 0.20625 0.64921875 0.02109375 0.028125
0 0.2265625 0.646875 0.0234375 0.02890625
0 0.5015625 0.4171875 0.0265625 0.0296875