0 0.5765625 0.78046875 0.0359375 0.0484375
0 0.565625 0.68359375 0.0328125 0.04140625
0 0.515625 0.65546875 0.03359375 0.05234375
0 0.6578125 0.7375 0.04375 0.05703125
0 0.49296875 0.634375 0.01640625 0.02265625
0 0.74765625 0.67421875 0.021875 0.02421875
0 0.36171875 0.690625 0.03359375 0.0328125
0 0.35234375 0.66171875 0.021875 0.0359375
0 0.365625 0.65546875 0.02890625 0.03125
0 0.32109375 0.65078125 0.01640625 0.0328125
0 0.2984375 0.6421875 0.01640625 0.03203125
0 0.2640625 0.68671875 0.02578125 0.02578125
0 0.2453125 0.7390625 0.03359375 0.03359375
0 0.15859375 0.7515625 0.0328125 0.0234375
0 0.22578125 0.66171875 0.028125 0.02890625
0 0.18046875 0.63203125 0.01875 0.0203125