0 0.203125 0.671875 0.028125 0.028125
0 0.25703125 0.840625 0.04921875 0.0734375
0 0.28828125 0.66328125 0.03046875 0.0359375
0 0.3515625 0.65546875 0.02890625 0.028125
0 0.38125 0.64375 0.02265625 0.03046875
0 0.51796875 0.63515625 0.0203125 0.0296875
0 0.6625 0.6953125 0.02890625 0.06015625
0 0.128125 0.68359375 0.02578125 0.03046875
0 0.25546875 0.65390625 0.02265625 0.02734375
0 0.71953125 0.86640625 0.03828125 0.05390625
0 0.7 0.7046875 0.04453125 0.05703125
0 0.903125 0.8015625 0.03203125 0.0484375
0 0.9578125 0.62578125 0.0234375 0.03125
0 0.98515625 0.640625 0.0296875 0.034375
0 0.77265625 0.62109375 0.028125 0.0375
0 0.69609375 0.62265625 0.021875 0.03515625
0 0.25703125 0.60234375 0.01640625 0.0265625