0 0.29140625 0.72265625 0.025 0.0546875
0 0.7484375 0.6578125 0.01875 0.0484375
0 0.35234375 0.65234375 0.01875 0.034375
0 0.54296875 0.72734375 0.03046875 0.034375
0 0.596875 0.671875 0.02578125 0.03515625
0 0.3734375 0.6921875 0.03515625 0.03359375
0 0.38671875 0.66015625 0.0171875 0.02421875
0 0.403125 0.684375 0.0234375 0.0484375
0 0.4375 0.71640625 0.028125 0.02890625
0 0.60859375 0.728125 0.03515625 0.03125
0 0.5703125 0.6625 0.025 0.0328125
0 0.590625 0.66015625 0.01953125 0.0234375
0 0.51875 0.634375 0.01484375 0.04375
0 0.6546875 0.75390625 0.02734375 0.04296875
0 0.23046875 0.71953125 0.03046875 0.0359375
0 0.25078125 0.64921875 0.025 0.02890625
0 0.28984375 0.65859375 0.028125 0.02578125
0 0.32578125 0.64609375 0.01875 0.0171875
0 0.11875 0.64375 0.02109375 0.0234375
0 0.321875 0.80234375 0.04140625 0.0296875
0 0.203125 0.65078125 0.0140625 0.01796875
0 0.22109375 0.6453125 0.01953125 0.01953125