0 0.61328125 0.7109375 0.03046875 0.06328125
0 0.509375 0.72265625 0.0328125 0.05234375
0 0.5171875 0.7640625 0.03046875 0.05
0 0.40390625 0.6828125 0.03828125 0.04375
0 0.3859375 0.64609375 0.0359375 0.04375
0 0.49296875 0.61796875 0.03125 0.0359375
0 0.559375 0.64453125 0.0375 0.04140625
0 0.3484375 0.80546875 0.0375 0.05625
0 0.16015625 0.6671875 0.021875 0.0390625
0 0.13671875 0.6421875 0.01796875 0.0421875
0 0.19296875 0.64453125 0.015625 0.03359375
0 0.1953125 0.62421875 0.021875 0.021875
0 0.68125 0.77890625 0.02734375 0.06953125
0 0.765625 0.634375 0.03515625 0.03828125