0 0.54921875 0.6609375 0.02890625 0.0375
0 0.37421875 0.65625 0.021875 0.0296875
0 0.4984375 0.63359375 0.01640625 0.02421875
0 0.41875 0.72734375 0.03828125 0.04375
0 0.45078125 0.70078125 0.02109375 0.04375
0 0.65078125 0.72265625 0.025 0.06875
0 0.51328125 0.81015625 0.0359375 0.05078125
0 0.25390625 0.6703125 0.03046875 0.04296875
0 0.2390625 0.628125 0.02265625 0.02578125
0 0.73359375 0.6234375 0.0234375 0.03515625
0 0.75 0.60625 0.02421875 0.02890625
0 0.78671875 0.59609375 0.0234375 0.03125