0 0.165625 0.7625 0.03671875 0.0828125
0 0.32109375 0.7515625 0.034375 0.075
0 0.27109375 0.8484375 0.03984375 0.08046875
0 0.3 0.8359375 0.0265625 0.075
0 0.34375 0.81171875 0.03515625 0.0625
0 0.403125 0.7171875 0.034375 0.059375
0 0.4140625 0.7515625 0.028125 0.053125
0 0.35859375 0.64765625 0.02734375 0.05
0 0.403125 0.65546875 0.0265625 0.05390625
0 0.3078125 0.9140625 0.06015625 0.08046875
0 0.45703125 0.78359375 0.0328125 0.05390625
0 0.48125 0.6625 0.02734375 0.04921875
0 0.51796875 0.64375 0.028125 0.05234375
0 0.5484375 0.61640625 0.0234375 0.04375
0 0.6265625 0.6375 0.0421875 0.04609375
0 0.671875 0.615625 0.0265625 0.0421875
0 0.6203125 0.734375 0.03515625 0.05390625
0 0.640625 0.7859375 0.02578125 0.0703125
0 0.56796875 0.95625 0.0421875 0.0875
0 0.93046875 0.603125 0.03828125 0.05703125
0 0.93125 0.73125 0.03203125 0.08359375