0 0.28046875 0.81015625 0.028125 0.0625
0 0.3015625 0.78984375 0.05234375 0.04765625
0 0.29140625 0.66171875 0.02265625 0.0375
0 0.1984375 0.64375 0.0203125 0.02578125
0 0.33359375 0.703125 0.025 0.03359375
0 0.35625 0.703125 0.028125 0.03515625
0 0.36953125 0.66171875 0.01953125 0.040625
0 0.3890625 0.63984375 0.03984375 0.03671875
0 0.44453125 0.62109375 0.0296875 0.03125
0 0.5140625 0.625 0.01953125 0.0453125
0 0.5171875 0.71171875 0.0265625 0.06484375
0 0.29921875 0.9484375 0.07265625 0.0765625
0 0.5515625 0.9109375 0.04765625 0.0609375
0 0.62109375 0.971875 0.04375 0.05625
0 0.67421875 0.69296875 0.02421875 0.0515625
0 0.69140625 0.6953125 0.0265625 0.03046875
0 0.6265625 0.6671875 0.02421875 0.0390625
0 0.5671875 0.625 0.01875 0.0296875
0 0.57734375 0.60703125 0.02265625 0.0203125
0 0.6234375 0.60703125 0.01953125 0.0265625
0 0.75703125 0.6359375 0.02734375 0.0375
0 0.9125 0.6265625 0.0265625 0.05078125
0 0.83046875 0.6703125 0.02109375 0.025
0 0.86875 0.68046875 0.02421875 0.03046875
0 0.85625 0.75390625 0.03359375 0.03984375
0 0.92734375 0.77890625 0.028125 0.04296875
0 0.865625 0.909375 0.06640625 0.0484375