0 0.1984375 0.66640625 0.03046875 0.0375
0 0.184375 0.62421875 0.0234375 0.03125
0 0.2 0.625 0.01171875 0.021875
0 0.29453125 0.6390625 0.015625 0.0390625
0 0.31015625 0.640625 0.02265625 0.02578125
0 0.28671875 0.67421875 0.02421875 0.03828125
0 0.365625 0.690625 0.02734375 0.03984375
0 0.48984375 0.65390625 0.03359375 0.0359375
0 0.60234375 0.73828125 0.0265625 0.05859375
0 0.571875 0.6671875 0.0390625 0.03828125
0 0.5421875 0.7390625 0.0453125 0.04296875
0 0.17109375 0.765625 0.03125 0.05
0 0.20703125 0.76484375 0.034375 0.05234375