0 0.5796875 0.675 0.02578125 0.05234375
0 0.5234375 0.74609375 0.02265625 0.065625
0 0.55859375 0.7390625 0.0265625 0.0421875
0 0.59765625 0.77109375 0.0265625 0.02265625
0 0.68203125 0.74609375 0.0203125 0.0359375
0 0.67890625 0.67890625 0.0234375 0.0421875
0 0.703125 0.78359375 0.0203125 0.05078125
0 0.3453125 0.6546875 0.028125 0.04765625
0 0.478125 0.63203125 0.0328125 0.034375
0 0.2875 0.69765625 0.0296875 0.03203125
0 0.1671875 0.73203125 0.03203125 0.05546875
0 0.20703125 0.65 0.025 0.0421875
0 0.23515625 0.6828125 0.0140625 0.015625
0 0.16484375 0.6453125 0.021875 0.02265625
0 0.2109375 0.61484375 0.021875 0.025
0 0.3828125 0.69453125 0.0359375 0.0265625
0 0.37109375 0.23671875 0.05078125 0.03984375
0 0.65625 0.09921875 0.04453125 0.05390625
0 0.1515625 0.671875 0.021875 0.03828125