0 0.58828125 0.65625 0.0203125 0.05234375
0 0.6828125 0.684375 0.03359375 0.05390625
0 0.62265625 0.65703125 0.03046875 0.0390625
0 0.36640625 0.76875 0.034375 0.04140625
0 0.48828125 0.6328125 0.02578125 0.040625
0 0.746875 0.6765625 0.0375 0.02578125
0 0.365625 0.67109375 0.015625 0.01796875
0 0.3828125 0.6546875 0.01640625 0.02578125
0 0.22421875 0.64765625 0.01875 0.0140625
0 0.38984375 0.6890625 0.021875 0.025
0 0.25 0.73671875 0.02578125 0.034375
0 0.26015625 0.68984375 0.01796875 0.0234375
0 0.2515625 0.64921875 0.01953125 0.021875
0 0.30078125 0.66328125 0.02109375 0.0265625
0 0.1875 0.625 0.0203125 0.02109375
0 0.36015625 0.7015625 0.01875 0.025
0 0.50546875 0.66953125 0.03671875 0.0328125
0 0.6234375 0.77265625 0.0265625 0.03984375