0 0.3828125 0.6453125 0.0265625 0.0328125
0 0.35 0.65546875 0.021875 0.03828125
0 0.39375 0.6875 0.040625 0.0359375
0 0.353125 0.69609375 0.0234375 0.03828125
0 0.30859375 0.64921875 0.03203125 0.03515625
0 0.284375 0.6453125 0.02578125 0.03125
0 0.25390625 0.684375 0.01953125 0.03984375
0 0.24921875 0.678125 0.01640625 0.03671875
0 0.2203125 0.73828125 0.0265625 0.03671875
0 0.1703125 0.7453125 0.04609375 0.04765625
0 0.18671875 0.62421875 0.025 0.02890625
0 0.515625 0.64921875 0.0296875 0.03671875
0 0.5765625 0.66640625 0.04375 0.046875
0 0.66875 0.74609375 0.01953125 0.02890625
0 0.7421875 0.6703125 0.03046875 0.046875
0 0.75 0.59921875 0.01796875 0.03125