0 0.1265625 0.6671875 0.02265625 0.0296875
0 0.1625 0.68046875 0.015625 0.02890625
0 0.17890625 0.66953125 0.01953125 0.021875
0 0.23671875 0.6546875 0.02421875 0.0234375
0 0.31953125 0.66484375 0.01953125 0.0296875
0 0.35234375 0.63828125 0.0203125 0.02265625
0 0.36171875 0.6984375 0.01875 0.0328125
0 0.29296875 0.79765625 0.02734375 0.04453125
0 0.3171875 0.80390625 0.0265625 0.07734375
0 0.29765625 0.9171875 0.0515625 0.08203125
0 0.36171875 0.61796875 0.01640625 0.0234375
0 0.4765625 0.6296875 0.02578125 0.02734375
0 0.5671875 0.6296875 0.02578125 0.02421875
0 0.67734375 0.675 0.04296875 0.0328125
0 0.6390625 0.92890625 0.02890625 0.08046875
0 0.6609375 0.94140625 0.04453125 0.08046875
0 0.83984375 0.95 0.08046875 0.07109375
0 0.96484375 0.69765625 0.0390625 0.046875
0 0.91015625 0.62578125 0.02734375 0.025
0 0.821875 0.65546875 0.02734375 0.02890625
0 0.81328125 0.621875 0.02734375 0.02890625
0 0.7578125 0.63984375 0.02578125 0.02265625
0 0.728125 0.6296875 0.01640625 0.025
0 0.60390625 0.6 0.01484375 0.021875
0 0.396875 0.59765625 0.01640625 0.02109375
0 0.27265625 0.59921875 0.01328125 0.0140625