0 0.2203125 0.70078125 0.0359375 0.04453125
0 0.18984375 0.6734375 0.025 0.03203125
0 0.21484375 0.62578125 0.0234375 0.03125
0 0.28125 0.66328125 0.02578125 0.03203125
0 0.340625 0.62109375 0.02421875 0.0265625
0 0.33203125 0.621875 0.01796875 0.021875
0 0.359375 0.69765625 0.028125 0.03828125
0 0.3671875 0.815625 0.03984375 0.06953125
0 0.4703125 0.6296875 0.03046875 0.03359375
0 0.38671875 0.64609375 0.03203125 0.0328125
0 0.5671875 0.70546875 0.0375 0.0578125
0 0.58828125 0.784375 0.046875 0.0515625
0 0.73828125 0.96796875 0.0703125 0.06328125
0 0.76015625 0.54375 0.0421875 0.07421875
0 0.7171875 0.65390625 0.025 0.03828125
0 0.7234375 0.70859375 0.02578125 0.03203125
0 0.8 0.959375 0.0734375 0.08125
0 0.83046875 0.771875 0.04765625 0.06796875
0 0.89140625 0.72734375 0.046875 0.05546875
0 0.91015625 0.625 0.0265625 0.02890625
0 0.971875 0.59296875 0.01953125 0.0328125
0 0.8546875 0.67265625 0.02578125 0.04140625
0 0.69375 0.61953125 0.02265625 0.0546875
0 0.5671875 0.62734375 0.03359375 0.0328125