0 0.65234375 0.6546875 0.03828125 0.03984375
0 0.52109375 0.65625 0.03359375 0.05234375
0 0.58125 0.6515625 0.0265625 0.03984375
0 0.490625 0.653125 0.01875 0.02734375
0 0.4765625 0.72421875 0.03828125 0.0421875
0 0.3734375 0.78203125 0.028125 0.05390625
0 0.37890625 0.69609375 0.0140625 0.03125
0 0.38828125 0.6609375 0.01796875 0.02578125
0 0.346875 0.6703125 0.0171875 0.02421875
0 0.24375 0.7203125 0.02109375 0.03359375
0 0.2046875 0.68203125 0.0234375 0.02890625
0 0.209375 0.6390625 0.01875 0.02421875
0 0.16953125 0.63359375 0.01875 0.021875
0 0.1921875 0.6296875 0.0171875 0.0171875
0 0.3 0.6546875 0.02890625 0.0296875
0 0.2359375 0.659375 0.01875 0.021875
0 0.48828125 0.63203125 0.01796875 0.01953125
0 0.471875 0.6375 0.01484375 0.0234375