0 0.46953125 0.7296875 0.02734375 0.0640625
0 0.38203125 0.7375 0.04609375 0.046875
0 0.384375 0.69609375 0.03203125 0.0265625
0 0.45546875 0.66484375 0.028125 0.03125
0 0.5015625 0.66640625 0.02265625 0.021875
0 0.4859375 0.61796875 0.02265625 0.04453125
0 0.67265625 0.79375 0.028125 0.0734375
0 0.73125 0.6734375 0.05078125 0.04375
0 0.19921875 0.64609375 0.02578125 0.02734375
0 0.37890625 0.64765625 0.03203125 0.03046875
0 0.3515625 0.65859375 0.0203125 0.02734375
0 0.25859375 0.7578125 0.05234375 0.03828125
0 0.23125 0.66484375 0.028125 0.0484375
0 0.2359375 0.68203125 0.03046875 0.05234375
0 0.1859375 0.62734375 0.01796875 0.0171875
0 0.30625 0.7921875 0.0421875 0.04140625
0 0.31796875 0.72890625 0.0328125 0.04453125
0 0.42265625 0.81875 0.0296875 0.07109375