0 0.17578125 0.8109375 0.05703125 0.05859375
0 0.359375 0.69296875 0.03671875 0.0375
0 0.33515625 0.821875 0.05 0.06328125
0 0.49453125 0.95703125 0.06171875 0.05078125
0 0.5234375 0.96640625 0.0375 0.0671875
0 0.5171875 0.796875 0.04140625 0.07421875
0 0.609375 0.78828125 0.05 0.053125
0 0.83828125 0.72734375 0.04765625 0.04765625
0 0.8234375 0.76640625 0.04375 0.0703125
0 0.95 0.61328125 0.03359375 0.0390625
0 0.97421875 0.6234375 0.03203125 0.0515625
0 0.709375 0.6609375 0.02265625 0.03515625
0 0.8390625 0.66875 0.0390625 0.04453125
0 0.403125 0.60703125 0.015625 0.01484375
0 0.39375 0.58984375 0.01171875 0.0078125
0 0.56875 0.6265625 0.0140625 0.0234375
0 0.478125 0.6046875 0.01796875 0.01953125
0 0.35546875 0.66328125 0.0203125 0.0234375
0 0.27421875 0.659375 0.0234375 0.0203125
0 0.171875 0.66953125 0.0234375 0.02109375
0 0.159375 0.675 0.01953125 0.01953125
0 0.17265625 0.6296875 0.02578125 0.0265625
0 0.99609375 0.61015625 0.0078125 0.0390625