0 0.6765625 0.6828125 0.034375 0.04140625
0 0.81171875 0.6546875 0.021875 0.0546875
0 0.6390625 0.6625 0.01796875 0.028125
0 0.7578125 0.653125 0.03203125 0.05390625
0 0.66328125 0.6796875 0.0515625 0.04921875
0 0.38359375 0.7921875 0.0234375 0.06328125
0 0.3875 0.6984375 0.03203125 0.03203125
0 0.36796875 0.696875 0.0203125 0.03125
0 0.3921875 0.66328125 0.021875 0.02890625
0 0.3265625 0.6640625 0.03203125 0.0296875
0 0.2953125 0.64921875 0.01875 0.0296875
0 0.27265625 0.7421875 0.03359375 0.0359375
0 0.22890625 0.71796875 0.0296875 0.02890625
0 0.175 0.74765625 0.021875 0.04296875
0 0.165625 0.66875 0.01953125 0.02734375
0 0.2953125 0.64921875 0.01875 0.02578125
0 0.23515625 0.671875 0.0171875 0.0234375
0 0.50703125 0.64375 0.025 0.0296875
0 0.48984375 0.625 0.025 0.0296875
0 0.48359375 0.78359375 0.0203125 0.03515625
0 0.50703125 0.7671875 0.028125 0.03671875
0 0.590625 0.66484375 0.03359375 0.034375