0 0.3 0.71953125 0.034375 0.05546875
0 0.40078125 0.7328125 0.0296875 0.040625
0 0.2140625 0.64140625 0.015625 0.02578125
0 0.63046875 0.79140625 0.0359375 0.06640625
0 0.30390625 0.659375 0.021875 0.04296875
0 0.37578125 0.6453125 0.0203125 0.053125
0 0.121875 0.6609375 0.021875 0.028125
0 0.34140625 0.809375 0.03828125 0.03828125
0 0.671875 0.7328125 0.0203125 0.0484375
0 0.703125 0.740625 0.0390625 0.0453125
0 0.671875 0.69453125 0.0203125 0.0328125
0 0.75234375 0.66640625 0.03515625 0.03125
0 0.4875 0.63671875 0.02734375 0.03125
0 0.4734375 0.665625 0.01484375 0.0265625
0 0.48984375 0.6859375 0.02734375 0.03671875
0 0.19375 0.621875 0.0265625 0.025