0 0.2859375 0.6390625 0.025 0.05
0 0.3578125 0.66171875 0.03125 0.01875
0 0.36484375 0.690625 0.034375 0.02265625
0 0.3828125 0.6953125 0.03828125 0.02734375
0 0.503125 0.62734375 0.021875 0.03671875
0 0.19375 0.6234375 0.021875 0.02734375
0 0.2265625 0.64453125 0.0296875 0.021875
0 0.13984375 0.6640625 0.0203125 0.0390625
0 0.13671875 0.63671875 0.01171875 0.02890625
0 0.24453125 0.653125 0.01484375 0.02421875
0 0.6859375 0.725 0.02421875 0.05
0 0.8859375 0.6234375 0.0265625 0.04296875
0 0.7484375 0.67890625 0.02421875 0.0328125
0 0.8203125 0.67109375 0.025 0.03984375