0 0.3875 0.68515625 0.02421875 0.05234375
0 0.48828125 0.6515625 0.01640625 0.034375
0 0.49609375 0.625 0.02734375 0.03984375
0 0.5703125 0.66015625 0.04140625 0.03125
0 0.27109375 0.684375 0.03046875 0.0453125
0 0.20625 0.68046875 0.021875 0.04296875
0 0.17265625 0.62890625 0.01953125 0.01875
0 0.203125 0.628125 0.025 0.02109375
0 0.3078125 0.6390625 0.02421875 0.03125
0 0.2875 0.64453125 0.0125 0.021875
0 0.1265625 0.671875 0.02265625 0.02265625
0 0.1921875 0.778125 0.04140625 0.0609375
0 0.290625 0.7453125 0.04765625 0.04609375
0 0.31015625 0.70859375 0.03359375 0.05625
0 0.6390625 0.75078125 0.03671875 0.03828125
0 0.66171875 0.7359375 0.0265625 0.05390625
0 0.66328125 0.71484375 0.015625 0.02265625
0 0.68828125 0.72578125 0.02890625 0.03671875
0 0.7 0.69375 0.03125 0.03046875
0 0.75 0.6734375 0.040625 0.0328125