0 0.259375 0.81875 0.04453125 0.05703125
0 0.3046875 0.8296875 0.040625 0.065625
0 0.3625 0.69453125 0.0359375 0.046875
0 0.2375 0.67265625 0.028125 0.034375
0 0.1515625 0.671875 0.02109375 0.02890625
0 0.253125 0.65859375 0.02890625 0.03046875
0 0.26484375 0.64296875 0.02734375 0.025
0 0.3671875 0.63984375 0.0203125 0.034375
0 0.44609375 0.71875 0.03671875 0.03984375
0 0.5515625 0.90546875 0.0546875 0.0609375
0 0.68515625 0.815625 0.02890625 0.046875
0 0.8703125 0.90703125 0.046875 0.10625
0 0.82890625 0.771875 0.0390625 0.03984375
0 0.85859375 0.80078125 0.04453125 0.0453125
0 0.93046875 0.61875 0.025 0.03125
0 0.94296875 0.64609375 0.028125 0.03515625
0 0.9671875 0.584375 0.02265625 0.028125
0 0.7640625 0.703125 0.0328125 0.04296875
0 0.81328125 0.62265625 0.03046875 0.02734375
0 0.784375 0.62890625 0.028125 0.02890625
0 0.675 0.63203125 0.0265625 0.03125
0 0.69375 0.640625 0.01796875 0.0375
0 0.5671875 0.62578125 0.025 0.0390625
0 0.60546875 0.61875 0.02578125 0.04375
0 0.3140625 0.62421875 0.021875 0.03203125