0 0.37578125 0.7578125 0.034375 0.05546875
0 0.64453125 0.65234375 0.02734375 0.03125
0 0.39453125 0.69921875 0.0296875 0.03828125
0 0.378125 0.64296875 0.01875 0.053125
0 0.31953125 0.63671875 0.02890625 0.03359375
0 0.38203125 0.69453125 0.034375 0.0328125
0 0.25859375 0.765625 0.0203125 0.03203125
0 0.4828125 0.65390625 0.034375 0.040625
0 0.53359375 0.68515625 0.025 0.0578125
0 0.66796875 0.703125 0.0234375 0.03359375
0 0.73046875 0.68046875 0.03359375 0.02421875
0 0.6984375 0.746875 0.0234375 0.040625
0 0.20703125 0.67265625 0.01796875 0.03046875
0 0.18984375 0.62578125 0.02578125 0.02109375