0 0.75234375 0.6546875 0.02578125 0.05546875
0 0.26328125 0.734375 0.03203125 0.03984375
0 0.2265625 0.63359375 0.02734375 0.0359375
0 0.3515625 0.66640625 0.021875 0.03359375
0 0.39296875 0.65546875 0.0265625 0.03203125
0 0.37890625 0.703125 0.03046875 0.0265625
0 0.44921875 0.66953125 0.02890625 0.05078125
0 0.4984375 0.675 0.028125 0.05078125
0 0.57890625 0.64140625 0.025 0.04375
0 0.56640625 0.7109375 0.02890625 0.065625
0 0.5125 0.7578125 0.0390625 0.03125
0 0.47890625 0.753125 0.015625 0.03046875
0 0.50546875 0.75234375 0.03046875 0.0265625
0 0.6453125 0.78515625 0.02265625 0.0578125
0 0.75234375 0.6515625 0.0296875 0.0578125
0 0.28984375 0.65546875 0.03203125 0.02734375
0 0.21171875 0.6703125 0.015625 0.021875
0 0.16015625 0.6578125 0.01640625 0.021875
0 0.1375 0.6375 0.02109375 0.025