0 0.34296875 0.66796875 0.025 0.0484375
0 0.32109375 0.71015625 0.034375 0.0546875
0 0.19609375 0.94296875 0.0484375 0.07578125
0 0.3171875 0.8296875 0.04140625 0.0765625
0 0.2734375 0.9546875 0.05546875 0.07734375
0 0.4921875 0.83359375 0.0390625 0.0609375
0 0.53125 0.8625 0.06328125 0.07421875
0 0.56484375 0.60390625 0.02109375 0.025
0 0.56875 0.62421875 0.0203125 0.0328125
0 0.6296875 0.6078125 0.025 0.0265625
0 0.690625 0.625 0.02421875 0.0390625
0 0.715625 0.74296875 0.0453125 0.05703125
0 0.80546875 0.65 0.025 0.04140625
0 0.8125 0.628125 0.03203125 0.0265625
0 0.91015625 0.61328125 0.02890625 0.04453125
0 0.95625 0.61484375 0.01796875 0.046875
0 0.96796875 0.5921875 0.02109375 0.0375
0 0.92421875 0.77734375 0.040625 0.05625
0 0.9453125 0.74921875 0.04609375 0.05078125
0 0.17109375 0.63125 0.02421875 0.02734375