0 0.35859375 0.6515625 0.025 0.0453125
0 0.4125 0.60546875 0.03671875 0.05859375
0 0.49765625 0.65625 0.01640625 0.02578125
0 0.46640625 0.73125 0.01484375 0.02421875
0 0.45 0.73984375 0.02265625 0.0484375
0 0.40625 0.7203125 0.0390625 0.03125
0 0.36328125 0.721875 0.02578125 0.0640625
0 0.26015625 0.68984375 0.02265625 0.02265625
0 0.3015625 0.646875 0.02265625 0.02734375
0 0.25234375 0.6515625 0.01953125 0.015625
0 0.2375 0.6421875 0.01875 0.01328125
0 0.17734375 0.62734375 0.0171875 0.01953125
0 0.17109375 0.66640625 0.021875 0.01875
0 0.746875 0.67890625 0.0375 0.0296875
0 0.7578125 0.66015625 0.03125 0.0265625
0 0.82734375 0.690625 0.02734375 0.0609375
0 0.6125 0.625 0.0234375 0.0453125
0 0.6640625 0.8078125 0.01796875 0.05625