0 0.3234375 0.7078125 0.03203125 0.04765625
0 0.2703125 0.73515625 0.02265625 0.0359375
0 0.384375 0.67109375 0.0375 0.05703125
0 0.496875 0.65703125 0.03203125 0.0375
0 0.17265625 0.75078125 0.0296875 0.04375
0 0.31796875 0.63203125 0.02734375 0.0265625
0 0.22890625 0.6984375 0.01953125 0.0390625
0 0.6390625 0.66015625 0.02421875 0.02890625
0 0.3734375 0.65703125 0.01640625 0.03125
0 0.1859375 0.66640625 0.01796875 0.04296875
0 0.40859375 0.7328125 0.02890625 0.04921875
0 0.18984375 0.6484375 0.0234375 0.03671875
0 0.18984375 0.6234375 0.02421875 0.025
0 0.11796875 0.6734375 0.01953125 0.0390625
0 0.19765625 0.7640625 0.034375 0.0578125
0 0.2421875 0.771875 0.040625 0.04609375
0 0.22109375 0.67109375 0.02890625 0.040625
0 0.15546875 0.69453125 0.03125 0.0375
0 0.60546875 0.75 0.040625 0.03828125
0 0.590625 0.775 0.0234375 0.0453125
0 0.665625 0.75859375 0.03828125 0.04140625
0 0.7296875 0.73046875 0.04140625 0.05078125
0 0.75078125 0.6625 0.01953125 0.0515625
0 0.76875 0.65703125 0.01953125 0.053125
0 0.4984375 0.61171875 0.01875 0.028125