0 0.38984375 0.771875 0.034375 0.03828125
0 0.36796875 0.65390625 0.025 0.028125
0 0.38984375 0.7 0.01328125 0.02109375
0 0.3375 0.7109375 0.04140625 0.0390625
0 0.346875 0.809375 0.0421875 0.04609375
0 0.371875 0.70078125 0.015625 0.0203125
0 0.1921875 0.64609375 0.01875 0.01875
0 0.17734375 0.628125 0.01484375 0.01953125
0 0.20625 0.67734375 0.0171875 0.03125
0 0.2546875 0.72734375 0.01796875 0.03125
0 0.19609375 0.7671875 0.04375 0.059375
0 0.1796875 0.6921875 0.01484375 0.02734375
0 0.296875 0.65703125 0.028125 0.02421875
0 0.321875 0.65390625 0.01328125 0.0234375
0 0.48125 0.63984375 0.02265625 0.02734375
0 0.55703125 0.68984375 0.01796875 0.040625
0 0.52578125 0.64609375 0.025 0.01796875
0 0.6390625 0.66171875 0.0203125 0.03125
0 0.63828125 0.73203125 0.040625 0.04609375
0 0.65234375 0.75859375 0.04375 0.04140625
0 0.69765625 0.759375 0.021875 0.03984375
0 0.73046875 0.6734375 0.0375 0.0234375