0 0.6796875 0.6921875 0.01953125 0.06328125
0 0.5234375 0.72890625 0.03515625 0.04140625
0 0.6375 0.65625 0.0390625 0.03671875
0 0.74921875 0.66875 0.0421875 0.03203125
0 0.4890625 0.69375 0.02265625 0.0375
0 0.50234375 0.678125 0.02109375 0.03046875
0 0.5859375 0.76796875 0.0296875 0.0328125
0 0.37890625 0.65546875 0.01875 0.03203125
0 0.59375 0.66484375 0.0203125 0.040625
0 0.50625 0.64609375 0.01484375 0.02890625
0 0.46796875 0.640625 0.02578125 0.028125
0 0.37265625 0.690625 0.0390625 0.02890625
0 0.31171875 0.74375 0.0203125 0.03359375
0 0.36171875 0.7875 0.0421875 0.05234375
0 0.296875 0.65234375 0.0171875 0.02421875
0 0.325 0.65234375 0.01953125 0.0234375
0 0.2515625 0.69453125 0.01953125 0.05390625
0 0.1890625 0.68125 0.0265625 0.03046875
0 0.184375 0.64765625 0.01484375 0.03046875
0 0.1921875 0.62265625 0.01953125 0.025
0 0.15859375 0.74296875 0.02109375 0.0578125
0 0.2109375 0.76015625 0.03984375 0.03828125
0 0.56171875 0.7765625 0.0234375 0.034375