0 0.3578125 0.77890625 0.03828125 0.05078125
0 0.34609375 0.69296875 0.0296875 0.0390625
0 0.3609375 0.671875 0.021875 0.0359375
0 0.28046875 0.665625 0.01796875 0.025
0 0.17734375 0.69375 0.0234375 0.02734375
0 0.30546875 0.653125 0.0265625 0.025
0 0.5015625 0.73046875 0.03203125 0.04765625
0 0.37109375 0.8265625 0.02890625 0.05
0 0.48984375 0.63046875 0.01953125 0.03828125
0 0.50859375 0.63046875 0.01875 0.03671875
0 0.653125 0.6859375 0.03203125 0.0625
0 0.715625 0.84296875 0.053125 0.05390625
0 0.875 0.9203125 0.05234375 0.06875
0 0.9140625 0.9734375 0.08671875 0.05234375
0 0.84296875 0.78671875 0.04609375 0.046875
0 0.80234375 0.66484375 0.02890625 0.05625
0 0.91328125 0.62734375 0.03671875 0.0421875
0 0.9484375 0.6171875 0.021875 0.0390625
0 0.98046875 0.69140625 0.0359375 0.05390625
0 0.75859375 0.6265625 0.02734375 0.0328125
0 0.725 0.621875 0.03046875 0.0265625
0 0.35859375 0.62734375 0.01640625 0.02265625