0 0.16484375 0.90234375 0.053125 0.0625
0 0.36171875 0.90234375 0.0359375 0.07578125
0 0.40546875 0.959375 0.04296875 0.08125
0 0.40078125 0.73203125 0.0296875 0.05625
0 0.35625 0.6921875 0.0234375 0.034375
0 0.31875 0.67265625 0.0234375 0.03984375
0 0.52734375 0.62421875 0.03203125 0.04140625
0 0.6890625 0.66875 0.02578125 0.05078125
0 0.7265625 0.6203125 0.0328125 0.02578125
0 0.76328125 0.7015625 0.0375 0.034375
0 0.75859375 0.71796875 0.01796875 0.0671875
0 0.7421875 0.8671875 0.0421875 0.046875
0 0.87265625 0.90859375 0.053125 0.08828125
0 0.95 0.70625 0.034375 0.06171875
0 0.95625 0.6328125 0.03046875 0.04921875
0 0.83515625 0.653125 0.03203125 0.03203125
0 0.87734375 0.66875 0.02265625 0.04296875
0 0.43359375 0.63671875 0.0234375 0.02890625
0 0.3203125 0.62890625 0.01796875 0.028125
0 0.3453125 0.62734375 0.01796875 0.0375
0 0.2203125 0.62734375 0.025 0.03203125