0 0.146875 0.70703125 0.053125 0.0515625
0 0.2734375 0.73203125 0.021875 0.0390625
0 0.34765625 0.70859375 0.03125 0.03671875
0 0.3828125 0.6515625 0.021875 0.0296875
0 0.3015625 0.8265625 0.03828125 0.05078125
0 0.64375 0.86875 0.0296875 0.06953125
0 0.65859375 0.8140625 0.03203125 0.04296875
0 0.709375 0.87265625 0.0546875 0.06640625
0 0.83984375 0.89609375 0.0421875 0.0765625
0 0.83515625 0.79375 0.0375 0.05078125
0 0.859375 0.66640625 0.03984375 0.034375
0 0.94765625 0.596875 0.02421875 0.03359375
0 0.934375 0.61875 0.0296875 0.02890625
0 0.57265625 0.6296875 0.0203125 0.0390625
0 0.67109375 0.621875 0.02578125 0.0375