0 0.13828125 0.7671875 0.0296875 0.0296875
0 0.225 0.7875 0.034375 0.0390625
0 0.27265625 0.7328125 0.02109375 0.02734375
0 0.23828125 0.653125 0.015625 0.0234375
0 0.22109375 0.63203125 0.01796875 0.0375
0 0.303125 0.61953125 0.01875 0.0359375
0 0.29296875 0.64921875 0.01953125 0.040625
0 0.31796875 0.82109375 0.0171875 0.0453125
0 0.34296875 0.8265625 0.025 0.04921875
0 0.4890625 0.79296875 0.0265625 0.03828125
0 0.35546875 0.68984375 0.02578125 0.03125
0 0.36171875 0.6453125 0.0296875 0.0328125
0 0.38125 0.65390625 0.0140625 0.01875
0 0.42265625 0.61875 0.01484375 0.03046875
0 0.4828125 0.62578125 0.02421875 0.0234375
0 0.66484375 0.628125 0.0171875 0.02734375
0 0.7078125 0.62421875 0.01484375 0.02890625
0 0.84765625 0.7609375 0.0203125 0.03203125
0 0.940625 0.61796875 0.02421875 0.0265625
0 0.9671875 0.6203125 0.01875 0.025
0 0.87421875 0.80078125 0.03515625 0.03671875