0 0.58203125 0.66015625 0.02734375 0.04765625
0 0.50234375 0.62421875 0.01640625 0.034375
0 0.44296875 0.7109375 0.03515625 0.05234375
0 0.3734375 0.68515625 0.040625 0.0359375
0 0.33359375 0.67265625 0.028125 0.0453125
0 0.27890625 0.73984375 0.02734375 0.040625
0 0.228125 0.7046875 0.028125 0.04765625
0 0.16796875 0.75078125 0.03515625 0.03984375
0 0.19140625 0.76953125 0.03984375 0.0390625
0 0.18359375 0.63359375 0.03046875 0.0203125
0 0.1390625 0.6421875 0.03359375 0.028125
0 0.2453125 0.6484375 0.01796875 0.0421875
0 0.5296875 0.7546875 0.02421875 0.0359375
0 0.46328125 0.7734375 0.02890625 0.04375
0 0.6890625 0.6875 0.03828125 0.02890625
0 0.540625 0.3765625 0.07421875 0.0984375