0 0.15 0.7796875 0.03125 0.05
0 0.2140625 0.66875 0.0234375 0.034375
0 0.36171875 0.83359375 0.03203125 0.046875
0 0.3328125 0.87265625 0.03515625 0.05546875
0 0.59453125 0.809375 0.05625 0.07265625
0 0.60625 0.70859375 0.03046875 0.05625
0 0.53203125 0.63125 0.034375 0.040625
0 0.48515625 0.625 0.01796875 0.0421875
0 0.3515625 0.70625 0.0296875 0.04453125
0 0.353125 0.64296875 0.02421875 0.03046875
0 0.66875 0.62265625 0.0203125 0.04296875
0 0.6984375 0.87578125 0.03828125 0.05625
0 0.73515625 0.86875 0.02890625 0.0453125
0 0.8859375 0.86171875 0.05703125 0.05703125
0 0.8671875 0.803125 0.05 0.04609375
0 0.84140625 0.7421875 0.03828125 0.04453125
0 0.7546875 0.64453125 0.03203125 0.03984375
0 0.26640625 0.6640625 0.02421875 0.02890625
0 0.39296875 0.60234375 0.021875 0.02890625
0 0.3 0.61875 0.01640625 0.02734375
0 0.86875 0.68125 0.03046875 0.0328125