0 0.14453125 0.825 0.021875 0.04765625
0 0.19140625 0.825 0.0375 0.0625
0 0.33984375 0.63203125 0.01796875 0.03515625
0 0.38828125 0.6765625 0.03125 0.0296875
0 0.38984375 0.734375 0.02890625 0.03203125
0 0.27734375 0.9625 0.0484375 0.05625
0 0.521875 0.6296875 0.01953125 0.04140625
0 0.51484375 0.76875 0.0359375 0.04375
0 0.68515625 0.62578125 0.01875 0.0390625
0 0.6484375 0.709375 0.0234375 0.03125
0 0.675 0.79453125 0.04453125 0.0375
0 0.725 0.7984375 0.0453125 0.04765625
0 0.78984375 0.62890625 0.02265625 0.025
0 0.75 0.7109375 0.0234375 0.02890625
0 0.82265625 0.78984375 0.02265625 0.04765625
0 0.94375 0.76484375 0.04453125 0.06171875
0 0.8515625 0.671875 0.0203125 0.025
0 0.36875 0.66484375 0.01015625 0.021875
0 0.2921875 0.6703125 0.01796875 0.0203125
0 0.41953125 0.6015625 0.02109375 0.0265625