0 0.44296875 0.684375 0.03125 0.0375
0 0.41953125 0.678125 0.03046875 0.04140625
0 0.4796875 0.6296875 0.02734375 0.03125
0 0.62109375 0.6609375 0.01640625 0.0453125
0 0.65 0.66796875 0.01484375 0.04375
0 0.71171875 0.61484375 0.02265625 0.03984375
0 0.559375 0.73828125 0.03203125 0.05703125
0 0.45546875 0.73671875 0.0296875 0.04375
0 0.38515625 0.64453125 0.0296875 0.03984375
0 0.221875 0.66484375 0.0296875 0.03359375
0 0.29140625 0.76640625 0.028125 0.05625
0 0.16796875 0.7625 0.03828125 0.05078125
0 0.1546875 0.665625 0.01640625 0.04765625
0 0.19375 0.63046875 0.02109375 0.02890625
0 0.11796875 0.6359375 0.03125 0.028125