0 0.21640625 0.6390625 0.02421875 0.03125
0 0.259375 0.66328125 0.02421875 0.0265625
0 0.27890625 0.671875 0.0171875 0.03046875
0 0.2359375 0.721875 0.02109375 0.03203125
0 0.22109375 0.83828125 0.03828125 0.05546875
0 0.25625 0.8390625 0.03125 0.05078125
0 0.32265625 0.678125 0.034375 0.03984375
0 0.353125 0.7046875 0.0359375 0.040625
0 0.48359375 0.63046875 0.02265625 0.03828125
0 0.5140625 0.8875 0.05390625 0.07265625
0 0.5875 0.74375 0.03828125 0.06015625
0 0.6828125 0.62890625 0.02890625 0.0453125
0 0.315625 0.9640625 0.04921875 0.05625
0 0.746875 0.70390625 0.028125 0.05703125
0 0.8484375 0.72890625 0.05234375 0.05078125
0 0.8296875 0.78828125 0.05859375 0.04765625
0 0.82734375 0.91640625 0.053125 0.09296875
0 0.871875 0.928125 0.05234375 0.1
0 0.871875 0.6796875 0.0328125 0.0453125