0 0.4578125 0.6875 0.028125 0.05859375
0 0.38046875 0.77421875 0.03515625 0.0609375
0 0.3921875 0.6578125 0.02890625 0.03828125
0 0.37578125 0.7078125 0.0328125 0.0453125
0 0.4765625 0.68125 0.01875 0.02421875
0 0.51328125 0.63515625 0.01015625 0.02734375
0 0.54140625 0.69921875 0.02421875 0.05078125
0 0.57109375 0.67421875 0.01953125 0.04140625
0 0.67578125 0.678125 0.01796875 0.06171875
0 0.653125 0.76015625 0.01953125 0.04296875
0 0.315625 0.70234375 0.03671875 0.0296875
0 0.28671875 0.6953125 0.02421875 0.0328125
0 0.2484375 0.66953125 0.01875 0.02578125
0 0.175 0.65078125 0.0265625 0.0265625
0 0.1875 0.6203125 0.02578125 0.025
0 0.146875 0.74453125 0.0328125 0.04921875
0 0.16640625 0.6375 0.01015625 0.0234375
0 0.8296875 0.6796875 0.02890625 0.04296875