0 0.21328125 0.7890625 0.04296875 0.04375
0 0.28515625 0.75625 0.01875 0.02890625
0 0.3125 0.75703125 0.03359375 0.0421875
0 0.31171875 0.81953125 0.021875 0.0546875
0 0.33359375 0.8296875 0.02734375 0.0515625
0 0.321875 0.9171875 0.03359375 0.0640625
0 0.4765625 0.80078125 0.0421875 0.0546875
0 0.4375 0.9828125 0.08125 0.02734375
0 0.53984375 0.965625 0.04765625 0.06171875
0 0.775 0.834375 0.0265625 0.0484375
0 0.85546875 0.796875 0.04375 0.04453125
0 0.96640625 0.69921875 0.04296875 0.034375
0 0.79765625 0.6515625 0.01796875 0.02890625
0 0.83203125 0.65 0.02890625 0.034375
0 0.5421875 0.6234375 0.02109375 0.03828125
0 0.61015625 0.62265625 0.025 0.0265625
0 0.66796875 0.6375 0.02578125 0.03125
0 0.68125 0.62421875 0.02890625 0.02421875
0 0.3578125 0.65390625 0.0140625 0.02421875
0 0.37265625 0.64296875 0.0171875 0.0234375
0 0.32734375 0.6296875 0.015625 0.02421875
0 0.28671875 0.646875 0.01484375 0.0265625
0 0.27421875 0.6625 0.0171875 0.03671875
0 0.165625 0.634375 0.01875 0.021875
0 0.9640625 0.584375 0.0203125 0.02109375
0 0.98828125 0.59140625 0.0125 0.02734375
0 0.9796875 0.5765625 0.01640625 0.01796875
0 0.72578125 0.57890625 0.0171875 0.0203125