0 0.378125 0.65078125 0.03046875 0.0453125
0 0.315625 0.7671875 0.03359375 0.05546875
0 0.26171875 0.73828125 0.03046875 0.03515625
0 0.29296875 0.646875 0.02265625 0.03125
0 0.3 0.66953125 0.0359375 0.0453125
0 0.52890625 0.69140625 0.0171875 0.04453125
0 0.5234375 0.76015625 0.03671875 0.05703125
0 0.68828125 0.60625 0.02109375 0.040625
0 0.75703125 0.6125 0.03046875 0.03046875
0 0.77265625 0.63203125 0.02578125 0.034375
0 0.7078125 0.71484375 0.03203125 0.03046875
0 0.16953125 0.7375 0.034375 0.03359375
0 0.18984375 0.69140625 0.0390625 0.06015625