0 0.3 0.6375 0.02734375 0.03359375
0 0.3828125 0.684375 0.0203125 0.03671875
0 0.375 0.64609375 0.0296875 0.046875
0 0.24453125 0.646875 0.028125 0.03828125
0 0.26640625 0.70078125 0.025 0.03125
0 0.2 0.759375 0.03515625 0.03671875
0 0.1984375 0.67421875 0.03203125 0.05546875
0 0.36015625 0.7015625 0.01953125 0.03984375
0 0.53046875 0.715625 0.04765625 0.046875
0 0.5484375 0.66640625 0.01953125 0.03828125
0 0.4453125 0.45390625 0.034375 0.03828125
0 0.14609375 0.64296875 0.02109375 0.0203125
0 0.18828125 0.6328125 0.01875 0.01953125