0 0.58828125 0.66171875 0.0390625 0.0484375
0 0.759375 0.659375 0.0203125 0.03203125
0 0.16953125 0.75234375 0.0390625 0.04453125
0 0.16640625 0.65390625 0.02578125 0.02578125
0 0.1796875 0.62578125 0.0140625 0.01484375
0 0.253125 0.66328125 0.0203125 0.02890625
0 0.3015625 0.659375 0.01953125 0.02578125
0 0.28203125 0.69453125 0.02265625 0.034375
0 0.2796875 0.75078125 0.0375 0.0328125
0 0.334375 0.671875 0.01484375 0.0203125
0 0.353125 0.66953125 0.01875 0.021875
0 0.39140625 0.690625 0.0203125 0.05546875
0 0.41796875 0.71328125 0.03046875 0.04296875
0 0.4921875 0.65625 0.02734375 0.02890625
0 0.56328125 0.74140625 0.02109375 0.0296875
0 0.61640625 0.75 0.0234375 0.02578125
0 0.70390625 0.75078125 0.02890625 0.03203125
0 0.72578125 0.69296875 0.0265625 0.021875