0 0.29609375 0.85625 0.05 0.04609375
0 0.46328125 0.9125 0.05703125 0.05625
0 0.78671875 0.85703125 0.0390625 0.07578125
0 0.83359375 0.7875 0.03359375 0.0546875
0 0.61171875 0.71328125 0.02890625 0.03359375
0 0.63671875 0.64140625 0.02890625 0.02734375
0 0.53359375 0.64375 0.02109375 0.03671875
0 0.5703125 0.62890625 0.02265625 0.034375
0 0.9203125 0.628125 0.02421875 0.0328125
0 0.3625 0.7015625 0.03515625 0.03515625
0 0.19609375 0.65625 0.02890625 0.03046875
0 0.15390625 0.6734375 0.025 0.03125
0 0.21484375 0.62890625 0.021875 0.02109375
0 0.35625 0.6171875 0.0203125 0.025