0 0.3171875 0.7390625 0.03984375 0.046875
0 0.68828125 0.684375 0.02734375 0.04765625
0 0.76171875 0.66484375 0.01796875 0.040625
0 0.66015625 0.6578125 0.0203125 0.0375
0 0.46328125 0.76875 0.02890625 0.05078125
0 0.38984375 0.69140625 0.028125 0.0359375
0 0.3921875 0.65859375 0.04453125 0.02890625
0 0.31015625 0.6421875 0.0328125 0.0265625
0 0.6453125 0.73671875 0.025 0.02890625
0 0.65 0.7640625 0.02578125 0.03203125
0 0.5625 0.7546875 0.03359375 0.0359375
0 0.51953125 0.72734375 0.02109375 0.06015625
0 0.56796875 0.665625 0.02890625 0.0265625
0 0.5734375 0.64296875 0.0265625 0.0296875
0 0.50390625 0.64296875 0.01484375 0.02421875
0 0.18203125 0.7421875 0.040625 0.02890625
0 0.190625 0.76640625 0.0359375 0.03046875
0 0.14375 0.66796875 0.03046875 0.0234375
0 0.19921875 0.63046875 0.02109375 0.02265625
0 0.2484375 0.64921875 0.01953125 0.025
0 0.26328125 0.6875 0.02734375 0.03984375