0 0.3765625 0.65078125 0.03828125 0.0390625
0 0.3875 0.696875 0.03515625 0.03984375
0 0.3953125 0.70078125 0.01953125 0.05625
0 0.49375 0.65703125 0.0234375 0.0328125
0 0.53515625 0.75234375 0.02734375 0.034375
0 0.58671875 0.74296875 0.021875 0.0359375
0 0.22890625 0.64453125 0.02734375 0.02890625
0 0.16484375 0.64453125 0.02421875 0.01640625
0 0.1734375 0.62890625 0.0234375 0.0171875
0 0.63984375 0.66484375 0.040625 0.040625
0 0.725 0.66796875 0.0375 0.03984375
0 0.71328125 0.753125 0.02734375 0.028125
0 0.765625 0.6734375 0.03046875 0.03828125