0 0.4296875 0.7625 0.0453125 0.0421875
0 0.35703125 0.8171875 0.03671875 0.034375
0 0.38203125 0.69296875 0.0203125 0.0203125
0 0.3625 0.69921875 0.02109375 0.02890625
0 0.33671875 0.659375 0.0390625 0.03515625
0 0.38203125 0.653125 0.025 0.02421875
0 0.484375 0.6359375 0.021875 0.0375
0 0.5109375 0.63828125 0.01796875 0.04375
0 0.5765625 0.6625 0.0328125 0.05546875
0 0.25703125 0.67734375 0.0453125 0.03828125
0 0.31484375 0.6421875 0.01953125 0.02265625
0 0.19296875 0.625 0.0203125 0.02421875
0 0.25859375 0.73828125 0.02265625 0.0328125
0 0.19296875 0.77109375 0.0359375 0.0390625
0 0.85234375 0.32109375 0.0578125 0.065625