0 0.1890625 0.6234375 0.02734375 0.03203125
0 0.16640625 0.66796875 0.025 0.02109375
0 0.1890625 0.703125 0.01640625 0.02109375
0 0.2296875 0.703125 0.01953125 0.04140625
0 0.35859375 0.64296875 0.015625 0.04609375
0 0.36796875 0.65390625 0.0265625 0.034375
0 0.36953125 0.684375 0.02578125 0.03671875
0 0.475 0.62109375 0.01953125 0.0375
0 0.49296875 0.63984375 0.02109375 0.028125
0 0.56953125 0.65703125 0.03671875 0.0359375
0 0.6546875 0.66484375 0.03828125 0.0375
0 0.76328125 0.67109375 0.01953125 0.03671875
0 0.72265625 0.6890625 0.0359375 0.03515625
0 0.640625 0.753125 0.03046875 0.046875