0 0.47890625 0.6328125 0.0203125 0.02890625
0 0.3796875 0.65625 0.03203125 0.021875
0 0.35078125 0.67265625 0.0140625 0.02890625
0 0.4828125 0.7234375 0.02109375 0.07265625
0 0.46640625 0.68203125 0.03359375 0.03125
0 0.49453125 0.653125 0.028125 0.03671875
0 0.52421875 0.66640625 0.03671875 0.0609375
0 0.59375 0.76484375 0.0390625 0.05
0 0.73203125 0.6734375 0.02734375 0.03984375
0 0.76484375 0.67109375 0.02734375 0.04375
0 0.22578125 0.6390625 0.0234375 0.0359375
0 0.19296875 0.625 0.02578125 0.0234375