0 0.1640625 0.709375 0.0328125 0.04375
0 0.28515625 0.6609375 0.02109375 0.04375
0 0.2671875 0.646875 0.0265625 0.034375
0 0.34375 0.69296875 0.03828125 0.05
0 0.296875 0.8515625 0.034375 0.06015625
0 0.425 0.69921875 0.0296875 0.0359375
0 0.371875 0.63046875 0.02890625 0.025
0 0.3890625 0.64921875 0.0328125 0.028125
0 0.52109375 0.63046875 0.025 0.03984375
0 0.57421875 0.628125 0.0296875 0.03515625
0 0.6109375 0.6765625 0.02578125 0.06015625
0 0.7171875 0.83515625 0.03046875 0.06796875
0 0.7609375 0.85234375 0.034375 0.0390625
0 0.86484375 0.9078125 0.0703125 0.0640625
0 0.859375 0.803125 0.04375 0.0390625
0 0.7953125 0.665625 0.0265625 0.03671875
0 0.94140625 0.63046875 0.0265625 0.0359375
0 0.99296875 0.61953125 0.0140625 0.0265625
0 0.69140625 0.63046875 0.01796875 0.0328125
0 0.53359375 0.60078125 0.021875 0.0265625