0 0.228125 0.6265625 0.0203125 0.02890625
0 0.30703125 0.64609375 0.01796875 0.02890625
0 0.29296875 0.66875 0.01796875 0.02578125
0 0.34921875 0.66640625 0.028125 0.0390625
0 0.2796875 0.840625 0.0296875 0.053125
0 0.43046875 0.8359375 0.03671875 0.08359375
0 0.54453125 0.915625 0.046875 0.06875
0 0.67109375 0.7078125 0.046875 0.05546875
0 0.88671875 0.9140625 0.0578125 0.09375
0 0.753125 0.6296875 0.034375 0.03828125
0 0.81328125 0.67109375 0.03359375 0.02734375
0 0.93359375 0.6265625 0.02421875 0.0375
0 0.68125 0.62734375 0.0296875 0.0296875
0 0.571875 0.6265625 0.0265625 0.03671875
0 0.45 0.63046875 0.01875 0.034375
0 0.3578125 0.7015625 0.0265625 0.034375
0 0.3125 0.61875 0.02109375 0.021875
0 0.7203125 0.5953125 0.01640625 0.02109375