0 0.471875 0.7859375 0.034375 0.0546875
0 0.571875 0.6875 0.034375 0.04609375
0 0.3671875 0.7453125 0.0328125 0.03984375
0 0.56953125 0.8234375 0.0421875 0.07109375
0 0.5171875 0.63984375 0.034375 0.0421875
0 0.39453125 0.659375 0.02265625 0.02421875
0 0.3734375 0.6515625 0.02890625 0.0328125
0 0.3640625 0.69609375 0.02890625 0.0375
0 0.31796875 0.8078125 0.0296875 0.053125
0 0.23828125 0.76875 0.03359375 0.0546875
0 0.15703125 0.74609375 0.0203125 0.059375
0 0.16328125 0.6828125 0.0234375 0.04296875
0 0.2515625 0.7109375 0.03203125 0.0421875
0 0.24453125 0.6640625 0.028125 0.034375
0 0.2390625 0.6390625 0.02734375 0.0265625
0 0.2296875 0.62890625 0.015625 0.025
0 0.7203125 0.68046875 0.0265625 0.05234375