0 0.36953125 0.65546875 0.02265625 0.0390625
0 0.5765625 0.6609375 0.028125 0.03203125
0 0.37421875 0.6890625 0.01953125 0.034375
0 0.32109375 0.646875 0.028125 0.04296875
0 0.24453125 0.68125 0.0296875 0.025
0 0.25234375 0.7140625 0.02890625 0.040625
0 0.284375 0.7375 0.0265625 0.04296875
0 0.4890625 0.615625 0.0453125 0.07890625
0 0.46953125 0.73515625 0.028125 0.04765625
0 0.38984375 0.703125 0.01953125 0.0265625
0 0.64375 0.7359375 0.034375 0.05703125
0 0.7328125 0.675 0.0265625 0.0375
0 0.74921875 0.65625 0.025 0.02578125