0 0.4046875 0.74375 0.0390625 0.059375
0 0.37578125 0.71328125 0.034375 0.03203125
0 0.40390625 0.665625 0.02734375 0.0359375
0 0.48515625 0.67890625 0.0375 0.0453125
0 0.72578125 0.71171875 0.02734375 0.065625
0 0.86171875 0.6203125 0.021875 0.04375
0 0.3640625 0.6671875 0.0328125 0.03515625
0 0.31171875 0.65 0.03203125 0.03984375
0 0.31328125 0.71875 0.03359375 0.0421875
0 0.20234375 0.76953125 0.04921875 0.05078125
0 0.15234375 0.6390625 0.01875 0.02109375
0 0.1765625 0.6625 0.03125 0.02421875