0 0.72890625 0.66875 0.0328125 0.03515625
0 0.6328125 0.70859375 0.0390625 0.03828125
0 0.43671875 0.52109375 0.05625 0.04765625
0 0.190625 0.625 0.01171875 0.02265625
0 0.49921875 0.64921875 0.01484375 0.025
0 0.2140625 0.640625 0.0203125 0.02734375
0 0.2578125 0.68046875 0.02109375 0.03359375
0 0.371875 0.65234375 0.02890625 0.04609375
0 0.365625 0.72578125 0.0734375 0.0609375
0 0.39296875 0.6859375 0.04453125 0.03046875
0 0.46171875 0.6359375 0.021875 0.03359375
0 0.50625 0.61171875 0.02734375 0.02890625
0 0.59765625 0.66796875 0.03046875 0.02578125
0 0.6484375 0.73671875 0.028125 0.046875
0 0.70703125 0.71640625 0.03828125 0.0359375
0 0.7609375 0.66484375 0.03203125 0.06640625
0 0.29375 0.65234375 0.025 0.03203125
0 0.29453125 0.640625 0.0265625 0.02578125
0 0.253125 0.64375 0.02578125 0.02890625
0 0.23359375 0.66484375 0.028125 0.0296875
0 0.125 0.67109375 0.01875 0.03828125
0 0.16953125 0.75078125 0.04765625 0.04296875