0 0.39140625 0.73125 0.03203125 0.0453125
0 0.34765625 0.703125 0.0359375 0.0390625
0 0.54609375 0.7453125 0.02421875 0.0296875
0 0.31953125 0.78671875 0.0328125 0.03984375
0 0.253125 0.75234375 0.028125 0.03125
0 0.37734375 0.65234375 0.034375 0.03046875
0 0.56953125 0.31015625 0.12265625 0.24375
0 0.49453125 0.6125 0.01640625 0.046875
0 0.69375 0.6078125 0.03203125 0.03046875
0 0.7453125 0.6921875 0.03828125 0.04453125
0 0.81796875 0.68046875 0.03046875 0.034375
0 0.19375 0.77265625 0.0375 0.03671875
0 0.18828125 0.625 0.0203125 0.02578125
0 0.48125 0.80390625 0.04453125 0.046875