0 0.50078125 0.75703125 0.01953125 0.0546875
0 0.4578125 0.7234375 0.021875 0.04296875
0 0.75703125 0.66484375 0.01875 0.02734375
0 0.5046875 0.684375 0.0234375 0.04296875
0 0.50390625 0.6296875 0.01796875 0.03203125
0 0.56640625 0.684375 0.03359375 0.03125
0 0.61875 0.7484375 0.02421875 0.02109375
0 0.63515625 0.759375 0.01953125 0.02578125
0 0.65625 0.75390625 0.0265625 0.02734375
0 0.6375 0.65390625 0.0390625 0.0453125
0 0.70390625 0.7171875 0.01953125 0.03203125
0 0.75703125 0.66640625 0.01796875 0.03359375
0 0.72421875 0.78359375 0.03359375 0.03984375
0 0.38984375 0.68359375 0.03046875 0.02890625
0 0.3890625 0.70234375 0.03046875 0.03359375
0 0.3375 0.6671875 0.03125 0.03203125
0 0.26171875 0.74375 0.03515625 0.03125
0 0.16953125 0.7734375 0.0421875 0.0453125
0 0.15390625 0.74609375 0.03828125 0.03125
0 0.16875 0.6578125 0.02265625 0.03125
0 0.14296875 0.64375 0.02734375 0.02890625
0 0.23046875 0.71328125 0.02890625 0.04140625
0 0.284375 0.65625 0.02578125 0.028125