0 0.29765625 0.84921875 0.02578125 0.04609375
0 0.31875 0.85390625 0.02890625 0.04609375
0 0.3953125 0.94765625 0.04375 0.0609375
0 0.634375 0.81171875 0.05859375 0.0578125
0 0.646875 0.95703125 0.04609375 0.0703125
0 0.86640625 0.87734375 0.05078125 0.06953125
0 0.8328125 0.78984375 0.0625 0.06484375
0 0.83984375 0.74140625 0.0515625 0.0390625
0 0.91328125 0.6296875 0.03125 0.034375
0 0.56953125 0.6546875 0.0296875 0.03203125
0 0.56640625 0.63203125 0.03046875 0.03203125
0 0.66640625 0.62109375 0.028125 0.03203125
0 0.359375 0.69921875 0.03671875 0.040625
0 0.37109375 0.65546875 0.02890625 0.03203125
0 0.3734375 0.63359375 0.02734375 0.03203125
0 0.27421875 0.675 0.0265625 0.03046875
0 0.14296875 0.68125 0.02578125 0.03125