0 0.5953125 0.66171875 0.03359375 0.040625
0 0.81953125 0.659375 0.03125 0.03984375
0 0.7328125 0.6671875 0.034375 0.028125
0 0.35078125 0.72421875 0.02578125 0.06171875
0 0.35078125 0.66015625 0.01953125 0.0390625
0 0.68515625 0.7015625 0.01875 0.05546875
0 0.5203125 0.65625 0.015625 0.028125
0 0.6421875 0.72734375 0.015625 0.02578125
0 0.265625 0.6796875 0.0265625 0.03515625
0 0.75859375 0.65546875 0.02109375 0.028125
0 0.3953125 0.7515625 0.0296875 0.04375
0 0.2765625 0.73515625 0.0203125 0.0296875
0 0.62734375 0.76953125 0.03046875 0.04453125
0 0.4734375 0.65625 0.0203125 0.0421875
0 0.4984375 0.63125 0.021875 0.02578125
0 0.4328125 0.70078125 0.02578125 0.05078125
0 0.41484375 0.68515625 0.02734375 0.04140625
0 0.3921875 0.6546875 0.02734375 0.0390625
0 0.2109375 0.62578125 0.0359375 0.01875
0 0.215625 0.64375 0.02109375 0.02578125
0 0.2109375 0.67421875 0.0734375 0.0546875
0 0.16796875 0.740625 0.03515625 0.05
0 0.19296875 0.753125 0.0328125 0.05546875