0 0.1203125 0.67578125 0.03515625 0.04609375
0 0.22890625 0.68046875 0.02109375 0.059375
0 0.309375 0.63515625 0.0421875 0.03203125
0 0.26953125 0.728125 0.04609375 0.03984375
0 0.2671875 0.78515625 0.02890625 0.05078125
0 0.459375 0.703125 0.0359375 0.05234375
0 0.496875 0.6546875 0.0328125 0.0453125
0 0.6859375 0.71171875 0.03515625 0.03515625
0 0.72734375 0.66875 0.0296875 0.04375
0 0.75859375 0.65390625 0.02421875 0.04765625
0 0.5203125 0.74296875 0.02890625 0.03984375
0 0.56484375 0.65625 0.02578125 0.025
0 0.57890625 0.6671875 0.02734375 0.03125
0 0.50078125 0.61953125 0.01953125 0.01796875
0 0.56328125 0.76015625 0.034375 0.0484375