0 0.57421875 0.96796875 0.065625 0.0640625
0 0.58515625 0.79921875 0.0453125 0.07265625
0 0.6203125 0.815625 0.0390625 0.0578125
0 0.8703125 0.7921875 0.05234375 0.04765625
0 0.846875 0.76484375 0.03203125 0.04140625
0 0.8546875 0.65859375 0.03046875 0.034375
0 0.671875 0.61875 0.03359375 0.0359375
0 0.65859375 0.62265625 0.02890625 0.028125
0 0.49140625 0.6546875 0.040625 0.03671875
0 0.47734375 0.62734375 0.025 0.0296875
0 0.38359375 0.6671875 0.0390625 0.03671875
0 0.34453125 0.67578125 0.03125 0.03359375
0 0.35234375 0.70546875 0.03203125 0.03671875
0 0.28046875 0.66328125 0.0203125 0.0328125
0 0.31328125 0.653125 0.02890625 0.02421875
0 0.38671875 0.63984375 0.02578125 0.0296875
0 0.33828125 0.62265625 0.01875 0.03125