0 0.39453125 0.70234375 0.02265625 0.0421875
0 0.3953125 0.6796875 0.034375 0.02890625
0 0.3703125 0.6578125 0.03515625 0.03125
0 0.340625 0.746875 0.0265625 0.04765625
0 0.3234375 0.63984375 0.02734375 0.03359375
0 0.29921875 0.6484375 0.025 0.04296875
0 0.25 0.64609375 0.01875 0.025
0 0.253125 0.725 0.0171875 0.040625
0 0.21171875 0.778125 0.02578125 0.0375
0 0.171875 0.7359375 0.028125 0.03125
0 0.16171875 0.67890625 0.02734375 0.040625
0 0.196875 0.6203125 0.0171875 0.03125
0 0.57265625 0.73984375 0.03984375 0.0515625
0 0.61796875 0.66484375 0.05234375 0.04765625
0 0.678125 0.78203125 0.05078125 0.06640625
0 0.72890625 0.70390625 0.034375 0.053125
0 0.74296875 0.646875 0.0234375 0.03828125
0 0.68203125 0.6109375 0.0203125 0.0390625