0 0.30546875 0.6484375 0.01875 0.025
0 0.35546875 0.7015625 0.03359375 0.025
0 0.3234375 0.80078125 0.02265625 0.04140625
0 0.47578125 0.6875 0.01953125 0.0265625
0 0.4875 0.70078125 0.0296875 0.0328125
0 0.440625 0.61796875 0.01796875 0.02734375
0 0.2828125 0.6125 0.0171875 0.02265625
0 0.675 0.70390625 0.0328125 0.0453125
0 0.82890625 0.7796875 0.0453125 0.046875
0 0.7546875 0.83671875 0.04140625 0.03125
0 0.8828125 0.8875 0.06640625 0.0546875
0 0.86328125 0.67890625 0.0234375 0.02578125
0 0.93203125 0.62265625 0.0265625 0.02734375
0 0.946875 0.64921875 0.02109375 0.03046875
0 0.684375 0.63515625 0.02421875 0.02734375
0 0.56953125 0.62734375 0.01328125 0.02734375
0 0.64296875 0.609375 0.01953125 0.01875
0 0.578125 0.5953125 0.015625 0.0171875
0 0.25 0.61953125 0.0125 0.02109375