0 0.5484375 0.703125 0.0375 0.03671875
0 0.46875 0.65234375 0.025 0.025
0 0.5078125 0.63203125 0.02109375 0.03125
0 0.396875 0.6890625 0.025 0.0296875
0 0.57109375 0.72890625 0.0390625 0.04921875
0 0.61640625 0.2109375 0.046875 0.040625
0 0.3828125 0.6859375 0.05546875 0.03359375
0 0.35 0.65078125 0.02109375 0.03359375
0 0.5796875 0.67890625 0.015625 0.02109375
0 0.57265625 0.7578125 0.04140625 0.0421875
0 0.6875 0.6921875 0.03203125 0.03359375
0 0.36953125 0.68828125 0.03203125 0.02734375
0 0.30390625 0.6484375 0.025 0.02421875
0 0.32734375 0.64609375 0.01484375 0.021875
0 0.5546875 0.71328125 0.05 0.05625
0 0.3671875 0.64375 0.01796875 0.021875
0 0.27109375 0.72109375 0.040625 0.03828125
0 0.15859375 0.7359375 0.02890625 0.05234375
0 0.59609375 0.659375 0.03359375 0.0328125
0 0.684375 0.6921875 0.03671875 0.0359375
0 0.73515625 0.78125 0.03359375 0.0359375
0 0.625 0.39296875 0.0859375 0.03984375
0 0.44296875 0.225 0.16328125 0.0703125