0 0.571875 0.6640625 0.03515625 0.05234375
0 0.63671875 0.65625 0.0265625 0.06328125
0 0.71875 0.6734375 0.03671875 0.0609375
0 0.6828125 0.79375 0.06953125 0.065625
0 0.7953125 0.69140625 0.03984375 0.0546875
0 0.39921875 0.7609375 0.03359375 0.0515625
0 0.38984375 0.8 0.0390625 0.0734375
0 0.4015625 0.72265625 0.0375 0.04140625
0 0.3890625 0.71953125 0.03359375 0.0421875
0 0.375 0.69609375 0.0265625 0.05390625
0 0.32734375 0.671875 0.028125 0.04453125
0 0.2546875 0.72421875 0.028125 0.06171875
0 0.2140625 0.71875 0.02890625 0.04296875
0 0.20625 0.7015625 0.02890625 0.034375
0 0.2 0.68828125 0.02890625 0.04140625
0 0.17421875 0.73984375 0.03828125 0.0671875
0 0.18203125 0.659375 0.0328125 0.0359375
0 0.14765625 0.64375 0.02890625 0.034375
0 0.4515625 0.68125 0.0328125 0.04375