0 0.21328125 0.7078125 0.0296875 0.04375
0 0.23515625 0.66953125 0.0296875 0.0234375
0 0.27890625 0.66484375 0.025 0.02734375
0 0.31640625 0.66796875 0.025 0.03359375
0 0.35390625 0.6921875 0.02578125 0.028125
0 0.3640625 0.64453125 0.0234375 0.02734375
0 0.2375 0.81328125 0.0421875 0.0515625
0 0.2546875 0.840625 0.028125 0.06328125
0 0.29765625 0.95546875 0.04921875 0.06328125
0 0.49609375 0.9 0.04375 0.0515625
0 0.553125 0.778125 0.028125 0.059375
0 0.57734375 0.93984375 0.0453125 0.06328125
0 0.6171875 0.71171875 0.025 0.03515625
0 0.6453125 0.7171875 0.02265625 0.03203125
0 0.48203125 0.6234375 0.0234375 0.03515625
0 0.56484375 0.62734375 0.034375 0.0234375
0 0.70703125 0.621875 0.02890625 0.02734375
0 0.75703125 0.62890625 0.0328125 0.03203125
0 0.865625 0.66328125 0.01796875 0.03984375
0 0.86484375 0.78984375 0.03125 0.0484375
0 0.921875 0.9296875 0.06171875 0.06171875
0 0.934375 0.62578125 0.021875 0.03984375
0 0.26484375 0.6328125 0.0171875 0.03046875
0 0.9578125 0.63046875 0.01953125 0.03046875