0 0.18671875 0.62734375 0.0234375 0.0328125
0 0.22890625 0.70859375 0.03671875 0.046875
0 0.278125 0.725 0.040625 0.059375
0 0.19453125 0.75390625 0.046875 0.04765625
0 0.359375 0.78984375 0.04140625 0.06484375
0 0.38671875 0.68828125 0.03359375 0.06015625
0 0.41171875 0.653125 0.04296875 0.0375
0 0.64921875 0.6734375 0.04140625 0.0390625
0 0.74609375 0.68359375 0.03203125 0.0234375
0 0.72109375 0.6703125 0.0296875 0.04453125
0 0.7046875 0.74765625 0.0296875 0.0375
0 0.6421875 0.74375 0.03203125 0.0515625
0 0.56015625 0.65390625 0.02734375 0.0421875
0 0.55078125 0.7640625 0.034375 0.03671875