0 0.15625 0.66328125 0.03046875 0.05078125
0 0.190625 0.578125 0.05390625 0.0453125
0 0.23046875 0.65234375 0.03125 0.0265625
0 0.23515625 0.66484375 0.02578125 0.04765625
0 0.24921875 0.77265625 0.03203125 0.06953125
0 0.28984375 0.73046875 0.0265625 0.04296875
0 0.3875 0.64296875 0.03515625 0.04296875
0 0.38515625 0.68125 0.02109375 0.04609375
0 0.42421875 0.73984375 0.03984375 0.059375
0 0.475 0.690625 0.03828125 0.059375
0 0.57421875 0.665625 0.0296875 0.03203125
0 0.64375 0.7890625 0.0296875 0.0640625
0 0.7640625 0.66015625 0.021875 0.05390625
0 0.58203125 0.7578125 0.034375 0.03359375
0 0.39921875 0.8171875 0.03984375 0.03203125