0 0.35625 0.778125 0.04375 0.034375
0 0.35 0.8078125 0.0375 0.05390625
0 0.56171875 0.90546875 0.03671875 0.06328125
0 0.6796875 0.83203125 0.04609375 0.04453125
0 0.72421875 0.8546875 0.028125 0.0515625
0 0.684375 0.71875 0.01875 0.0515625
0 0.14765625 0.70625 0.0265625 0.0390625
0 0.21953125 0.66640625 0.02578125 0.03125
0 0.26953125 0.6625 0.02109375 0.028125
0 0.30703125 0.70859375 0.02890625 0.05234375
0 0.3921875 0.72109375 0.03828125 0.040625
0 0.4265625 0.6578125 0.025 0.03984375
0 0.37109375 0.65 0.0234375 0.03671875
0 0.35546875 0.6328125 0.01875 0.03515625
0 0.56640625 0.6234375 0.025 0.02734375
0 0.62734375 0.6515625 0.03984375 0.034375
0 0.62578125 0.65859375 0.03359375 0.03203125
0 0.790625 0.6640625 0.025 0.03828125
0 0.81171875 0.653125 0.02734375 0.02890625
0 0.890625 0.771875 0.0640625 0.0953125
0 0.8609375 0.86875 0.06015625 0.0515625
0 0.2203125 0.62734375 0.02109375 0.02578125
0 0.22734375 0.646875 0.021875 0.01796875
0 0.25390625 0.60078125 0.0140625 0.0234375
0 0.26953125 0.6015625 0.0171875 0.0171875
0 0.4046875 0.58203125 0.01640625 0.02578125
0 0.41171875 0.6140625 0.021875 0.025
0 0.390625 0.60546875 0.015625 0.0234375
0 0.25 0.584375 0.0125 0.01484375
0 0.16640625 0.6078125 0.01640625 0.0203125
0 0.5921875 0.61015625 0.02109375 0.028125
0 0.6140625 0.5984375 0.01796875 0.0171875
0 0.72109375 0.59140625 0.01640625 0.02421875
0 0.81015625 0.59296875 0.0203125 0.02890625
0 0.1421875 0.6078125 0.0203125 0.02109375