0 0.64140625 0.65859375 0.0375 0.03984375
0 0.684375 0.75859375 0.028125 0.0265625
0 0.36796875 0.659375 0.040625 0.05390625
0 0.5671875 0.7734375 0.03203125 0.03359375
0 0.31953125 0.74765625 0.0390625 0.0625
0 0.25859375 0.67265625 0.0234375 0.02890625
0 0.18828125 0.6546875 0.0328125 0.0234375
0 0.19453125 0.6296875 0.03046875 0.028125
0 0.225 0.6375 0.01875 0.0421875
0 0.246875 0.63671875 0.0203125 0.0265625
0 0.64140625 0.759375 0.02265625 0.034375
0 0.66640625 0.75625 0.025 0.025
0 0.7625 0.659375 0.0296875 0.03671875
0 0.553125 0.65625 0.03515625 0.02421875