0 0.52734375 0.6484375 0.0328125 0.04140625
0 0.59140625 0.75 0.03671875 0.034375
0 0.30234375 0.63984375 0.0328125 0.034375
0 0.35625 0.653125 0.0140625 0.0375
0 0.37578125 0.659375 0.0234375 0.02734375
0 0.37109375 0.6890625 0.02109375 0.0359375
0 0.26484375 0.740625 0.0265625 0.0328125
0 0.17265625 0.74921875 0.040625 0.0359375
0 0.184375 0.68359375 0.02890625 0.02578125
0 0.19375 0.65859375 0.01171875 0.01953125
0 0.21953125 0.65703125 0.01640625 0.025
0 0.1796875 0.63125 0.02109375 0.01796875