0 0.32578125 0.7421875 0.040625 0.0515625
0 0.565625 0.65703125 0.03828125 0.05859375
0 0.35 0.659375 0.034375 0.0390625
0 0.5359375 0.684375 0.0484375 0.0640625
0 0.7609375 0.659375 0.0265625 0.028125
0 0.371875 0.6546875 0.0171875 0.0375
0 0.24453125 0.72734375 0.0390625 0.04375
0 0.16796875 0.75078125 0.04375 0.02734375
0 0.16015625 0.73203125 0.03984375 0.0359375
0 0.1703125 0.6953125 0.0234375 0.028125
0 0.153125 0.65 0.015625 0.034375
0 0.18046875 0.62578125 0.01953125 0.0171875
0 0.1828125 0.6421875 0.0203125 0.0234375
0 0.20625 0.625 0.01875 0.01875
0 0.265625 0.68125 0.02265625 0.0375
0 0.30625 0.6453125 0.01875 0.03046875
0 0.36875 0.71015625 0.0265625 0.04375
0 0.39296875 0.69765625 0.0171875 0.02265625
0 0.4453125 0.76484375 0.02265625 0.0453125
0 0.48125 0.6390625 0.0171875 0.04140625
0 0.49921875 0.66171875 0.01484375 0.0265625
0 0.32734375 0.81875 0.0296875 0.059375
0 0.23828125 0.69140625 0.02578125 0.04375
0 0.5515625 0.74140625 0.02421875 0.04296875
0 0.58515625 0.7453125 0.03359375 0.0421875
0 0.55703125 0.79296875 0.03125 0.04765625
0 0.790625 0.690625 0.0375 0.06171875
0 0.7890625 0.7 0.02578125 0.05390625
0 0.66484375 0.51640625 0.08125 0.05078125