0 0.43671875 0.73125 0.03828125 0.05390625
0 0.55546875 0.72421875 0.01796875 0.0390625
0 0.5453125 0.75078125 0.0203125 0.04140625
0 0.61953125 0.671875 0.0171875 0.05234375
0 0.6125 0.66015625 0.0234375 0.05078125
0 0.65078125 0.66015625 0.01953125 0.0359375
0 0.7703125 0.62890625 0.028125 0.040625
0 0.4125 0.653125 0.02578125 0.034375
0 0.384375 0.65 0.0234375 0.0453125
0 0.29375 0.64453125 0.025 0.03515625
0 0.32421875 0.78046875 0.021875 0.0484375
0 0.2546875 0.728125 0.0328125 0.046875
0 0.2421875 0.6796875 0.028125 0.03359375
0 0.590625 0.73671875 0.03671875 0.04453125