0 0.41484375 0.703125 0.0296875 0.02890625
0 0.59453125 0.74765625 0.0203125 0.0421875
0 0.571875 0.65078125 0.02265625 0.0421875
0 0.74765625 0.675 0.01484375 0.0265625
0 0.31875 0.7515625 0.0375 0.04375
0 0.35546875 0.71953125 0.03828125 0.04375
0 0.371875 0.7 0.02421875 0.02734375
0 0.3671875 0.6734375 0.01484375 0.02265625
0 0.38515625 0.65625 0.02578125 0.0328125
0 0.3015625 0.64609375 0.03515625 0.02734375
0 0.2921875 0.64375 0.02890625 0.021875
0 0.228125 0.64375 0.02109375 0.0171875
0 0.18515625 0.76015625 0.0375 0.03125
0 0.17421875 0.75 0.0375 0.02734375
0 0.25546875 0.63125 0.0109375 0.01640625
0 0.25 0.6578125 0.02109375 0.0265625
0 0.253125 0.64375 0.01796875 0.01875
0 0.2765625 0.71484375 0.04765625 0.03828125
0 0.471875 0.66875 0.03671875 0.03984375
0 0.72578125 0.684375 0.01953125 0.04296875