0 0.24375 0.659375 0.02421875 0.0328125
0 0.27890625 0.6671875 0.021875 0.02578125
0 0.30625 0.69765625 0.0296875 0.04375
0 0.325 0.7 0.01875 0.04140625
0 0.2421875 0.7828125 0.0375 0.0515625
0 0.32265625 0.82109375 0.028125 0.04375
0 0.41640625 0.63046875 0.0171875 0.0359375
0 0.60234375 0.74296875 0.04140625 0.05078125
0 0.67265625 0.690625 0.02578125 0.03359375
0 0.69609375 0.62421875 0.021875 0.04375
0 0.75390625 0.81875 0.0328125 0.06171875
0 0.76484375 0.85234375 0.025 0.046875
0 0.8453125 0.79140625 0.040625 0.05078125
0 0.909375 0.928125 0.071875 0.0828125
0 0.9328125 0.6265625 0.02109375 0.02890625
0 0.86328125 0.675 0.03203125 0.03359375
0 0.81953125 0.6296875 0.028125 0.0265625
0 0.56875 0.6296875 0.02265625 0.02734375