0 0.40703125 0.76796875 0.02890625 0.04765625
0 0.39375 0.65859375 0.03046875 0.04453125
0 0.51171875 0.75234375 0.03046875 0.0328125
0 0.28046875 0.7375 0.01953125 0.03203125
0 0.50078125 0.65078125 0.021875 0.03671875
0 0.515625 0.69296875 0.02109375 0.040625
0 0.47890625 0.753125 0.021875 0.02578125
0 0.5046875 0.7375 0.02109375 0.0328125
0 0.55078125 0.73671875 0.028125 0.0296875
0 0.571875 0.68671875 0.02578125 0.046875
0 0.58046875 0.659375 0.0265625 0.03203125
0 0.3390625 0.71640625 0.0359375 0.0625
0 0.2328125 0.665625 0.02265625 0.03671875
0 0.20234375 0.70859375 0.01953125 0.0328125
0 0.19765625 0.62890625 0.02578125 0.02578125
0 0.15546875 0.66484375 0.0265625 0.0296875