0 0.5015625 0.65 0.02578125 0.046875
0 0.47265625 0.75 0.02421875 0.0296875
0 0.48203125 0.76953125 0.0234375 0.0265625
0 0.490625 0.74921875 0.02421875 0.02109375
0 0.56015625 0.7015625 0.02265625 0.05
0 0.57578125 0.67421875 0.01640625 0.02265625
0 0.58984375 0.6671875 0.025 0.034375
0 0.65234375 0.6515625 0.021875 0.03125
0 0.3875 0.6546875 0.0203125 0.0390625
0 0.36484375 0.675 0.015625 0.0203125
0 0.384375 0.7046875 0.0265625 0.021875
0 0.3703125 0.69140625 0.0203125 0.025
0 0.28671875 0.721875 0.0359375 0.04375
0 0.7109375 0.68984375 0.040625 0.05
0 0.75390625 0.65625 0.02734375 0.03046875
0 0.17890625 0.74140625 0.04375 0.04140625
0 0.1515625 0.6578125 0.01171875 0.02109375
0 0.14921875 0.64140625 0.01796875 0.01640625