0 0.2609375 0.7640625 0.02890625 0.0625
0 0.22109375 0.67421875 0.01796875 0.04609375
0 0.15859375 0.74609375 0.02734375 0.04453125
0 0.25703125 0.6859375 0.0265625 0.0390625
0 0.26171875 0.7046875 0.02265625 0.04140625
0 0.346875 0.65859375 0.03125 0.03515625
0 0.38984375 0.68671875 0.02890625 0.05859375
0 0.3625 0.69765625 0.028125 0.03671875
0 0.44609375 0.696875 0.03671875 0.06015625
0 0.48984375 0.65390625 0.02421875 0.02734375
0 0.571875 0.653125 0.025 0.02578125
0 0.59765625 0.6625 0.0328125 0.0328125
0 0.571875 0.67578125 0.01796875 0.04296875
0 0.603125 0.7390625 0.040625 0.04140625
0 0.69296875 0.7046875 0.0359375 0.03671875
0 0.40625 0.78984375 0.02109375 0.07578125
0 0.753125 0.653125 0.0375 0.0453125
0 0.8203125 0.675 0.01875 0.0796875