0 0.46875 0.76875 0.03515625 0.04921875
0 0.6578125 0.6703125 0.03046875 0.05546875
0 0.575 0.72265625 0.034375 0.04921875
0 0.50390625 0.728125 0.0234375 0.0296875
0 0.49921875 0.63515625 0.0296875 0.034375
0 0.3890625 0.6984375 0.02109375 0.02890625
0 0.190625 0.65 0.0203125 0.0296875
0 0.16015625 0.66953125 0.02578125 0.02578125
0 0.2859375 0.68046875 0.025 0.028125
0 0.37265625 0.646875 0.0171875 0.02421875
0 0.16640625 0.7484375 0.02890625 0.03359375
0 0.18125 0.775 0.03203125 0.03359375
0 0.17890625 0.61953125 0.02421875 0.0359375
0 0.29140625 0.66484375 0.01953125 0.02421875
0 0.4921875 0.19140625 0.03984375 0.05