0 0.16484375 0.67421875 0.0171875 0.021875
0 0.17421875 0.68203125 0.0203125 0.02109375
0 0.17265625 0.7046875 0.0203125 0.03203125
0 0.221875 0.6234375 0.0171875 0.03125
0 0.2640625 0.62421875 0.01328125 0.01484375
0 0.2875 0.64375 0.0171875 0.02265625
0 0.26875 0.6734375 0.02265625 0.02421875
0 0.31015625 0.59296875 0.01328125 0.01875
0 0.375 0.63984375 0.01953125 0.02421875
0 0.36015625 0.69921875 0.02734375 0.03203125
0 0.28359375 0.803125 0.0265625 0.06484375
0 0.3 0.79296875 0.02109375 0.03828125
0 0.434375 0.6171875 0.01484375 0.028125
0 0.40859375 0.60546875 0.0140625 0.02109375
0 0.3875 0.60078125 0.01484375 0.0140625
0 0.59921875 0.69375 0.0234375 0.0421875
0 0.56875 0.62890625 0.01796875 0.02734375
0 0.54609375 0.60078125 0.0171875 0.0234375
0 0.8703125 0.91171875 0.0640625 0.0703125
0 0.81796875 0.76484375 0.0453125 0.046875
0 0.85859375 0.79765625 0.0453125 0.05
0 0.78671875 0.83359375 0.03984375 0.0328125
0 0.7953125 0.70390625 0.04296875 0.05
0 0.88203125 0.66328125 0.0328125 0.04140625
0 0.9375 0.6296875 0.02734375 0.02890625
0 0.7546875 0.61484375 0.03515625 0.03671875
0 0.7203125 0.59375 0.01953125 0.02109375
0 0.71328125 0.590625 0.01328125 0.01953125