0 0.41875 0.76484375 0.03671875 0.0484375
0 0.365625 0.753125 0.03828125 0.0421875
0 0.390625 0.68671875 0.0234375 0.040625
0 0.31953125 0.6484375 0.02890625 0.03359375
0 0.578125 0.65859375 0.0296875 0.0234375
0 0.35078125 0.65234375 0.0296875 0.0375
0 0.4828125 0.6375 0.02265625 0.0390625
0 0.51484375 0.65546875 0.0390625 0.03203125
0 0.48046875 0.6671875 0.021875 0.03125
0 0.2453125 0.70078125 0.02109375 0.034375
0 0.15859375 0.74296875 0.040625 0.04609375
0 0.1703125 0.69609375 0.0265625 0.03046875
0 0.18046875 0.62890625 0.01328125 0.021875
0 0.1921875 0.6375 0.0140625 0.0125
0 0.228125 0.63671875 0.021875 0.025
0 0.2578125 0.64140625 0.0171875 0.02421875
0 0.24296875 0.78828125 0.03515625 0.05
0 0.62578125 0.76953125 0.05 0.0484375
0 0.6671875 0.740625 0.03515625 0.03671875
0 0.70625 0.7828125 0.0234375 0.078125
0 0.7453125 0.68125 0.028125 0.03828125
0 0.76171875 0.6625 0.02265625 0.02578125