0 0.14921875 0.6375 0.0203125 0.0296875
0 0.1890625 0.63671875 0.02109375 0.025
0 0.25234375 0.68984375 0.0296875 0.02734375
0 0.30078125 0.6375 0.0234375 0.03359375
0 0.31640625 0.63671875 0.02734375 0.0359375
0 0.34765625 0.65390625 0.0296875 0.04140625
0 0.3578125 0.6765625 0.02109375 0.0265625
0 0.390625 0.69375 0.02421875 0.06171875
0 0.44453125 0.70625 0.01796875 0.0578125
0 0.48125 0.72578125 0.04296875 0.046875
0 0.61015625 0.7640625 0.03671875 0.04609375
0 0.625 0.6625 0.021875 0.0578125
0 0.65234375 0.665625 0.021875 0.046875
0 0.72734375 0.675 0.0328125 0.0296875
0 0.68125 0.7546875 0.034375 0.04140625
0 0.7703125 0.66640625 0.025 0.04921875
0 0.41640625 0.8078125 0.02890625 0.09765625