0 0.1703125 0.89609375 0.03046875 0.046875
0 0.20625 0.90078125 0.0453125 0.071875
0 0.4234375 0.9671875 0.071875 0.065625
0 0.3625 0.6984375 0.02265625 0.0453125
0 0.15078125 0.67421875 0.02109375 0.03515625
0 0.19375 0.6734375 0.03203125 0.0328125
0 0.225 0.6765625 0.02734375 0.03359375
0 0.56796875 0.68046875 0.0265625 0.0265625
0 0.57421875 0.66484375 0.0203125 0.021875
0 0.5640625 0.62109375 0.01953125 0.02578125
0 0.58828125 0.69921875 0.02265625 0.04609375
0 0.44765625 0.628125 0.015625 0.0265625
0 0.67890625 0.6140625 0.0171875 0.03984375
0 0.6890625 0.6046875 0.01640625 0.02265625
0 0.78671875 0.63671875 0.01953125 0.025
0 0.75078125 0.8546875 0.021875 0.0484375
0 0.8875 0.8984375 0.078125 0.06875
0 0.93125 0.7921875 0.01875 0.0421875
0 0.89921875 0.61640625 0.025 0.02578125
0 0.93125 0.625 0.0234375 0.0234375
0 0.26875 0.60625 0.0171875 0.025
0 0.19921875 0.6265625 0.01953125 0.021875
0 0.2015625 0.6 0.015625 0.02578125
0 0.12265625 0.6453125 0.02109375 0.03046875
0 0.69921875 0.60546875 0.01328125 0.021875