0 0.12734375 0.67265625 0.0328125 0.04453125
0 0.16640625 0.68203125 0.02421875 0.0328125
0 0.1984375 0.65546875 0.01875 0.04765625
0 0.23828125 0.68828125 0.02265625 0.02734375
0 0.26015625 0.65859375 0.028125 0.03359375
0 0.3359375 0.70546875 0.0296875 0.03671875
0 0.359375 0.6984375 0.01953125 0.03671875
0 0.35390625 0.64609375 0.02890625 0.0390625
0 0.37265625 0.6375 0.02578125 0.025
0 0.48203125 0.62421875 0.02578125 0.0375
0 0.56640625 0.62578125 0.01796875 0.03125
0 0.26484375 0.8375 0.03515625 0.03515625
0 0.27890625 0.8546875 0.0296875 0.04375
0 0.51171875 0.915625 0.03125 0.07265625
0 0.53203125 0.8921875 0.04296875 0.03046875
0 0.7359375 0.69140625 0.02578125 0.04296875
0 0.8390625 0.7375 0.040625 0.05390625
0 0.859375 0.884375 0.0359375 0.0828125
0 0.9125 0.62109375 0.02421875 0.03046875
0 0.93046875 0.62109375 0.0125 0.03984375
0 0.99453125 0.62109375 0.01015625 0.0328125
0 0.73203125 0.60546875 0.03046875 0.04140625
0 0.67109375 0.6203125 0.02734375 0.034375
0 0.6984375 0.6125 0.0265625 0.03671875