0 0.37890625 0.64609375 0.03046875 0.03203125
0 0.3375 0.71875 0.03046875 0.05390625
0 0.2640625 0.6796875 0.02265625 0.0328125
0 0.290625 0.66015625 0.02734375 0.05
0 0.20546875 0.62265625 0.01796875 0.03984375
0 0.153125 0.6765625 0.025 0.04453125
0 0.39921875 0.759375 0.02890625 0.0546875
0 0.38671875 0.70390625 0.0265625 0.03046875
0 0.36953125 0.7 0.01640625 0.03203125
0 0.534375 0.73828125 0.0234375 0.0265625
0 0.465625 0.71328125 0.0265625 0.03046875
0 0.5484375 0.65546875 0.01953125 0.034375
0 0.56640625 0.6671875 0.0203125 0.05
0 0.61875 0.79296875 0.03125 0.04921875
0 0.59765625 0.80546875 0.02578125 0.0640625
0 0.72109375 0.6984375 0.0390625 0.04453125
0 0.75390625 0.6125 0.03515625 0.0359375