0 0.14765625 0.66796875 0.02421875 0.028125
0 0.1375 0.6671875 0.01640625 0.02890625
0 0.21796875 0.66640625 0.03125 0.03359375
0 0.228125 0.6296875 0.01953125 0.0296875
0 0.278125 0.66171875 0.01953125 0.02734375
0 0.29453125 0.8328125 0.04140625 0.04453125
0 0.31328125 0.815625 0.04453125 0.0421875
0 0.34296875 0.95859375 0.03984375 0.08203125
0 0.37734375 0.978125 0.0421875 0.04375
0 0.5859375 0.9515625 0.065625 0.05234375
0 0.740625 0.84921875 0.046875 0.06953125
0 0.81953125 0.78203125 0.0484375 0.05234375
0 0.84609375 0.7390625 0.04140625 0.05390625
0 0.88125 0.91875 0.05859375 0.0890625
0 0.9140625 0.628125 0.02421875 0.03984375
0 0.71484375 0.69296875 0.0265625 0.06796875
0 0.72421875 0.65 0.02421875 0.0390625
0 0.9640625 0.58203125 0.0203125 0.0375
0 0.86953125 0.6765625 0.02734375 0.04921875
0 0.796875 0.63515625 0.0203125 0.02578125
0 0.48125 0.659375 0.03359375 0.05078125
0 0.52578125 0.62734375 0.03046875 0.053125
0 0.3890625 0.66953125 0.02734375 0.040625
0 0.36171875 0.69765625 0.02578125 0.03359375
0 0.3671875 0.63046875 0.01875 0.0359375
0 0.159375 0.6359375 0.021875 0.02265625