0 0.16875 0.68125 0.0203125 0.0375
0 0.18125 0.66796875 0.03203125 0.0265625
0 0.203125 0.646875 0.015625 0.02265625
0 0.2828125 0.64296875 0.02109375 0.03359375
0 0.3625 0.66796875 0.03046875 0.03671875
0 0.35625 0.7046875 0.02109375 0.0359375
0 0.38515625 0.7015625 0.0421875 0.040625
0 0.484375 0.62578125 0.021875 0.034375
0 0.459375 0.61875 0.021875 0.03046875
0 0.5703125 0.62890625 0.02578125 0.03046875
0 0.546875 0.7640625 0.04296875 0.05546875
0 0.60390625 0.70546875 0.03359375 0.0578125
0 0.3640625 0.89296875 0.05234375 0.0609375
0 0.275 0.79453125 0.02109375 0.05390625
0 0.3046875 0.81171875 0.0453125 0.053125
0 0.44609375 0.8953125 0.053125 0.078125
0 0.85 0.778125 0.040625 0.06484375
0 0.85859375 0.73671875 0.034375 0.04375
0 0.86875 0.91015625 0.053125 0.08671875
0 0.93984375 0.63046875 0.034375 0.040625
0 0.8796875 0.61875 0.03671875 0.0328125
0 0.83515625 0.6453125 0.02578125 0.034375
0 0.80234375 0.6421875 0.02265625 0.03203125
0 0.70703125 0.61015625 0.02578125 0.025
0 0.74609375 0.625 0.0265625 0.03515625
0 0.33203125 0.615625 0.0234375 0.03359375