0 0.1890625 0.62734375 0.01328125 0.02421875
0 0.1984375 0.64375 0.01875 0.02734375
0 0.159375 0.7390625 0.0421875 0.03046875
0 0.20859375 0.76484375 0.0234375 0.04921875
0 0.22109375 0.659375 0.01640625 0.0359375
0 0.24765625 0.67578125 0.01875 0.03125
0 0.26328125 0.67265625 0.0234375 0.03828125
0 0.34296875 0.66171875 0.02578125 0.05625
0 0.3609375 0.6671875 0.0265625 0.04453125
0 0.340625 0.75546875 0.0359375 0.05078125
0 0.39765625 0.7 0.0359375 0.0546875
0 0.44921875 0.7140625 0.03515625 0.0421875
0 0.49609375 0.65390625 0.0234375 0.0484375
0 0.653125 0.66796875 0.04921875 0.0390625
0 0.61953125 0.696875 0.04453125 0.0421875
0 0.7515625 0.66796875 0.0328125 0.0296875
0 0.778125 0.65078125 0.03359375 0.04921875
0 0.8453125 0.65546875 0.0265625 0.0625