0 0.35078125 0.6546875 0.025 0.05234375
0 0.39296875 0.68828125 0.03359375 0.05
0 0.49921875 0.63671875 0.01640625 0.02578125
0 0.50859375 0.68125 0.01796875 0.0265625
0 0.48125 0.6890625 0.0296875 0.05546875
0 0.50859375 0.775 0.03984375 0.0296875
0 0.5234375 0.74453125 0.028125 0.034375
0 0.546875 0.7671875 0.03125 0.03203125
0 0.68203125 0.7453125 0.04453125 0.04453125
0 0.70546875 0.66953125 0.0328125 0.03671875
0 0.7515625 0.67890625 0.040625 0.04375
0 0.25234375 0.7015625 0.04375 0.05546875
0 0.22890625 0.78359375 0.04765625 0.0609375
0 0.20078125 0.6234375 0.02890625 0.028125
0 0.1546875 0.665625 0.025 0.05703125