0 0.17734375 0.89765625 0.053125 0.078125
0 0.2671875 0.82734375 0.053125 0.0515625
0 0.32109375 0.81171875 0.03515625 0.07265625
0 0.2734375 0.72734375 0.03515625 0.053125
0 0.240625 0.66875 0.0234375 0.04765625
0 0.35078125 0.70546875 0.03828125 0.03046875
0 0.35 0.6640625 0.02734375 0.04296875
0 0.28828125 0.6484375 0.02890625 0.03515625
0 0.51640625 0.86171875 0.0421875 0.04765625
0 0.51484375 0.8390625 0.04375 0.04609375
0 0.6125 0.746875 0.0390625 0.05390625
0 0.6671875 0.67890625 0.03515625 0.0359375
0 0.8390625 0.73359375 0.04375 0.040625
0 0.9109375 0.78359375 0.0484375 0.05859375
0 0.95625 0.61015625 0.0296875 0.03125
0 0.80703125 0.625 0.028125 0.03828125
0 0.78203125 0.63125 0.025 0.02734375
0 0.7359375 0.61875 0.02265625 0.03515625
0 0.69140625 0.6375 0.025 0.0328125
0 0.56640625 0.62734375 0.02421875 0.0296875
0 0.590625 0.62109375 0.01875 0.04453125
0 0.36640625 0.63203125 0.0234375 0.028125
0 0.2078125 0.65859375 0.02421875 0.03203125