0 0.38359375 0.69453125 0.0234375 0.040625
0 0.3 0.73515625 0.0234375 0.0265625
0 0.30546875 0.6390625 0.0265625 0.04609375
0 0.23515625 0.7171875 0.02265625 0.04765625
0 0.209375 0.71328125 0.02421875 0.034375
0 0.1953125 0.6234375 0.01484375 0.0296875
0 0.590625 0.65546875 0.03125 0.04765625
0 0.53203125 0.73359375 0.04453125 0.03359375
0 0.715625 0.78359375 0.0296875 0.0671875
0 0.30078125 0.66796875 0.01875 0.02890625
0 0.24453125 0.6296875 0.0125 0.028125
0 0.18671875 0.76171875 0.02421875 0.03359375