0 0.61875 0.6703125 0.034375 0.03046875
0 0.6109375 0.7375 0.03046875 0.0328125
0 0.390625 0.6921875 0.02734375 0.0359375
0 0.50078125 0.74765625 0.02578125 0.040625
0 0.4828125 0.75234375 0.01875 0.028125
0 0.4984375 0.665625 0.02109375 0.0265625
0 0.50625 0.64453125 0.02109375 0.03125
0 0.4390625 0.803125 0.01640625 0.05234375
0 0.371875 0.803125 0.03046875 0.0453125
0 0.35078125 0.65390625 0.01953125 0.0546875
0 0.29453125 0.6609375 0.0140625 0.0234375
0 0.2796875 0.64375 0.01875 0.025
0 0.7515625 0.60078125 0.01875 0.021875
0 0.17265625 0.65546875 0.02265625 0.0296875
0 0.13046875 0.64296875 0.03125 0.0328125
0 0.12890625 0.61484375 0.0171875 0.02109375
0 0.13046875 0.6359375 0.0234375 0.021875