0 0.178125 0.66875 0.02265625 0.02421875
0 0.16640625 0.6640625 0.021875 0.02890625
0 0.1296875 0.65 0.0265625 0.0203125
0 0.2765625 0.64921875 0.02265625 0.03359375
0 0.32578125 0.6234375 0.0203125 0.03515625
0 0.3796875 0.634375 0.021875 0.0328125
0 0.4203125 0.625 0.02109375 0.034375
0 0.41015625 0.6875 0.0265625 0.04609375
0 0.22109375 0.853125 0.03125 0.075
0 0.50859375 0.72734375 0.03046875 0.0609375
0 0.36484375 0.9578125 0.0546875 0.084375
0 0.5671875 0.62734375 0.025 0.02734375
0 0.6375 0.6234375 0.02109375 0.04453125
0 0.6875 0.7015625 0.028125 0.04453125
0 0.821875 0.64609375 0.03203125 0.0390625
0 0.8390625 0.6703125 0.03515625 0.028125
0 0.93359375 0.61796875 0.02890625 0.03671875
0 0.98359375 0.69765625 0.0328125 0.046875
0 0.975 0.7390625 0.05 0.0453125