0 0.740625 0.05 0.07421875 0.0828125
0 0.90859375 0.0484375 0.040625 0.06640625
0 0.35859375 0.4234375 0.084375 0.02578125
0 0.15390625 0.66328125 0.0171875 0.028125
0 0.17734375 0.653125 0.02109375 0.0296875
0 0.18671875 0.625 0.01484375 0.03125
0 0.246875 0.646875 0.0203125 0.0359375
0 0.19609375 0.76015625 0.034375 0.06328125
0 0.3015625 0.721875 0.021875 0.059375
0 0.28984375 0.6484375 0.02734375 0.03125
0 0.23125 0.68515625 0.04375 0.046875
0 0.42734375 0.71796875 0.03984375 0.0484375
0 0.38359375 0.8234375 0.02265625 0.07734375
0 0.38515625 0.6625 0.02734375 0.0296875
0 0.5046875 0.634375 0.03203125 0.0328125
0 0.58125 0.65625 0.021875 0.0578125
0 0.6734375 0.653125 0.0375 0.05234375
0 0.5359375 0.75234375 0.040625 0.0515625