0 0.15390625 0.63984375 0.0203125 0.01796875
0 0.1875 0.68046875 0.02890625 0.04140625
0 0.18125 0.7546875 0.03515625 0.0421875
0 0.209375 0.71328125 0.02890625 0.0546875
0 0.31953125 0.6390625 0.0328125 0.03828125
0 0.36015625 0.6953125 0.0296875 0.03125
0 0.48046875 0.64609375 0.0265625 0.034375
0 0.49609375 0.6265625 0.01953125 0.03125
0 0.57421875 0.6515625 0.02734375 0.05
0 0.6609375 0.659375 0.028125 0.0421875
0 0.7484375 0.65859375 0.021875 0.04375
0 0.52109375 0.76796875 0.0171875 0.0515625