0 0.390625 0.65625 0.021875 0.05078125
0 0.19453125 0.62734375 0.015625 0.025
0 0.21953125 0.64296875 0.01171875 0.02734375
0 0.24375 0.634375 0.01875 0.03046875
0 0.3859375 0.6921875 0.0375 0.04296875
0 0.55234375 0.6625 0.040625 0.04375
0 0.4890625 0.63203125 0.0453125 0.03671875
0 0.4984375 0.61015625 0.0140625 0.02734375
0 0.61796875 0.74375 0.05078125 0.0515625
0 0.73203125 0.6734375 0.04453125 0.03828125
0 0.6390625 0.79296875 0.03046875 0.06953125
0 0.68203125 0.796875 0.03515625 0.0734375