0 0.20625 0.70859375 0.0390625 0.03515625
0 0.15234375 0.67265625 0.0234375 0.02578125
0 0.35859375 0.68828125 0.0171875 0.02578125
0 0.35078125 0.675 0.01875 0.028125
0 0.43828125 0.6296875 0.02421875 0.02578125
0 0.32265625 0.621875 0.02109375 0.02734375
0 0.25234375 0.8234375 0.034375 0.04453125
0 0.3234375 0.821875 0.028125 0.04296875
0 0.2765625 0.98046875 0.0421875 0.03828125
0 0.52109375 0.953125 0.046875 0.090625
0 0.5578125 0.925 0.0421875 0.05078125
0 0.603125 0.73046875 0.021875 0.0515625
0 0.57578125 0.75234375 0.028125 0.03984375
0 0.6 0.85390625 0.034375 0.05078125
0 0.6484375 0.859375 0.05625 0.0546875
0 0.82265625 0.78671875 0.03203125 0.06796875
0 0.859375 0.7796875 0.0421875 0.05625
0 0.940625 0.63359375 0.01796875 0.034375
0 0.9625 0.6453125 0.01796875 0.028125
0 0.69296875 0.61796875 0.02265625 0.034375
0 0.77421875 0.628125 0.0265625 0.034375
0 0.8203125 0.665625 0.0234375 0.034375
0 0.846875 0.66171875 0.025 0.025
0 0.565625 0.62890625 0.0265625 0.025
0 0.25234375 0.6546875 0.028125 0.03046875
0 0.28125 0.65078125 0.0265625 0.02734375
0 0.20234375 0.67578125 0.01953125 0.03203125
0 0.1875 0.67890625 0.01640625 0.02890625
0 0.32265625 0.97578125 0.0265625 0.0484375
0 0.95390625 0.6 0.021875 0.02890625
0 0.52890625 0.62421875 0.01953125 0.0265625
0 0.39609375 0.59375 0.02265625 0.02421875
0 0.20859375 0.6375 0.02109375 0.02734375
0 0.3421875 0.6265625 0.01953125 0.0265625
0 0.421875 0.6015625 0.0171875 0.03359375
0 0.3875 0.59140625 0.01875 0.01796875