0 0.56328125 0.7171875 0.0375 0.0421875
0 0.55234375 0.66171875 0.0265625 0.046875
0 0.48828125 0.634375 0.01875 0.04296875
0 0.37578125 0.646875 0.02421875 0.0359375
0 0.70625 0.71328125 0.028125 0.03046875
0 0.22890625 0.7078125 0.03046875 0.03046875
0 0.3875 0.80234375 0.03359375 0.040625
0 0.6796875 0.76875 0.02265625 0.04140625
0 0.165625 0.7453125 0.03515625 0.0375
0 0.45859375 0.8203125 0.040625 0.046875
0 0.165625 0.6765625 0.01796875 0.0296875
0 0.18203125 0.7671875 0.03203125 0.02890625
0 0.6921875 0.60546875 0.01484375 0.01484375
0 0.5 0.6515625 0.02890625 0.0375
0 0.765625 0.63515625 0.02578125 0.0328125
0 0.12421875 0.68984375 0.0265625 0.0359375