0 0.33125 0.803125 0.0390625 0.04296875
0 0.3421875 0.8296875 0.03671875 0.03671875
0 0.2734375 0.69765625 0.0328125 0.03046875
0 0.28203125 0.65078125 0.028125 0.0265625
0 0.31171875 0.65078125 0.0203125 0.0296875
0 0.384375 0.640625 0.01953125 0.0328125
0 0.48125 0.63046875 0.021875 0.03984375
0 0.56875 0.628125 0.01953125 0.034375
0 0.22265625 0.62578125 0.01875 0.03828125
0 0.7609375 0.63359375 0.0328125 0.03203125
0 0.8015625 0.70234375 0.01796875 0.0390625
0 0.86171875 0.6765625 0.028125 0.0390625
0 0.8859375 0.9078125 0.059375 0.0921875
0 0.91640625 0.6265625 0.02890625 0.0296875
0 0.5984375 0.5984375 0.01796875 0.01875