0 0.23671875 0.6828125 0.01875 0.0375
0 0.2046875 0.6734375 0.034375 0.01875
0 0.24765625 0.725 0.02265625 0.0328125
0 0.2609375 0.70078125 0.0359375 0.03125
0 0.2984375 0.6578125 0.021875 0.02109375
0 0.34140625 0.66015625 0.01875 0.0328125
0 0.390625 0.65390625 0.0203125 0.0328125
0 0.39609375 0.68984375 0.0265625 0.05390625
0 0.38671875 0.73984375 0.0265625 0.028125
0 0.34609375 0.78359375 0.0390625 0.05625
0 0.3609375 0.74375 0.0203125 0.0328125
0 0.38046875 0.7640625 0.0328125 0.04296875
0 0.50859375 0.63046875 0.03203125 0.03984375
0 0.5765625 0.653125 0.03515625 0.04296875
0 0.7578125 0.66171875 0.0234375 0.040625
0 0.74921875 0.7046875 0.02265625 0.06875