0 0.14140625 0.70390625 0.0234375 0.040625
0 0.340625 0.83671875 0.02734375 0.05859375
0 0.32734375 0.70234375 0.02890625 0.025
0 0.35703125 0.70234375 0.0203125 0.03046875
0 0.2765625 0.66953125 0.02265625 0.02421875
0 0.28515625 0.65234375 0.01953125 0.01875
0 0.12890625 0.6734375 0.0296875 0.0296875
0 0.5375 0.92578125 0.0390625 0.05859375
0 0.61875 0.9578125 0.046875 0.07578125
0 0.6484375 0.70703125 0.01875 0.0515625
0 0.659375 0.6796875 0.028125 0.0453125
0 0.68046875 0.65703125 0.0171875 0.02890625
0 0.81953125 0.78125 0.03203125 0.04765625
0 0.85390625 0.790625 0.03125 0.0484375
0 0.83984375 0.8859375 0.0453125 0.07890625
0 0.8609375 0.659375 0.021875 0.0390625
0 0.9109375 0.621875 0.01953125 0.03359375
0 0.93828125 0.62578125 0.02265625 0.0328125
0 0.69609375 0.63984375 0.021875 0.0375
0 0.56875 0.6296875 0.02421875 0.025
0 0.359375 0.61796875 0.01953125 0.0203125
0 0.38359375 0.64375 0.02109375 0.025
0 0.36328125 0.63828125 0.0171875 0.025
0 0.68671875 0.48671875 0.02890625 0.059375