0 0.253125 0.70859375 0.02734375 0.06171875
0 0.1921875 0.8359375 0.0453125 0.0703125
0 0.31796875 0.83125 0.0390625 0.053125
0 0.57265625 0.8671875 0.0421875 0.05
0 0.6640625 0.8671875 0.0578125 0.078125
0 0.86640625 0.89296875 0.0671875 0.08359375
0 0.93046875 0.77265625 0.03984375 0.065625
0 0.9609375 0.63359375 0.04609375 0.04921875
0 0.70390625 0.7109375 0.03203125 0.0546875
0 0.75390625 0.70546875 0.04765625 0.0390625
0 0.8328125 0.6609375 0.0359375 0.034375
0 0.70078125 0.62734375 0.028125 0.02734375
0 0.6796875 0.61484375 0.0265625 0.03125
0 0.56796875 0.63046875 0.0296875 0.03046875
0 0.38125 0.65078125 0.01953125 0.03046875
0 0.42578125 0.62734375 0.0203125 0.03046875
0 0.25234375 0.646875 0.0234375 0.02109375
0 0.30546875 0.62265625 0.02109375 0.02890625
0 0.34765625 0.6234375 0.01953125 0.0234375
0 0.41015625 0.6 0.015625 0.02734375
0 0.271875 0.66875 0.01796875 0.021875
0 0.26015625 0.6671875 0.01328125 0.021875
0 0.59921875 0.59765625 0.01875 0.02421875
0 0.12265625 0.64921875 0.0171875 0.02421875
0 0.2125 0.5921875 0.01328125 0.02109375
0 0.38125 0.5984375 0.0109375 0.01796875