0 0.25703125 0.7578125 0.03046875 0.040625
0 0.1640625 0.74765625 0.03515625 0.0578125
0 0.209375 0.64609375 0.028125 0.0296875
0 0.18828125 0.6234375 0.0234375 0.01875
0 0.2 0.6828125 0.0328125 0.02734375
0 0.25625 0.64375 0.0203125 0.02578125
0 0.3265625 0.6421875 0.02890625 0.0265625
0 0.34765625 0.703125 0.02578125 0.04140625
0 0.3796875 0.6734375 0.01875 0.028125
0 0.4 0.6578125 0.0234375 0.0359375
0 0.44140625 0.6828125 0.02578125 0.04140625
0 0.42109375 0.70234375 0.0265625 0.04296875
0 0.496875 0.72890625 0.02265625 0.04375
0 0.49609375 0.75078125 0.01796875 0.046875
0 0.40390625 0.76640625 0.03515625 0.0375
0 0.56015625 0.67890625 0.03515625 0.0328125
0 0.5640625 0.665625 0.03203125 0.03046875
0 0.58671875 0.671875 0.0234375 0.04609375
0 0.66484375 0.65078125 0.028125 0.0640625
0 0.7296875 0.6609375 0.04453125 0.04296875
0 0.72421875 0.7046875 0.04765625 0.04140625