0 0.1375 0.69140625 0.03125 0.040625
0 0.36171875 0.6390625 0.05390625 0.0546875
0 0.2796875 0.64765625 0.02109375 0.0328125
0 0.290625 0.67265625 0.0328125 0.02265625
0 0.31484375 0.703125 0.01875 0.046875
0 0.34765625 0.696875 0.02421875 0.0484375
0 0.35390625 0.79375 0.034375 0.05625
0 0.27890625 0.82734375 0.053125 0.059375
0 0.35859375 0.91328125 0.0578125 0.071875
0 0.571875 0.734375 0.0203125 0.05546875
0 0.428125 0.62109375 0.02265625 0.03125
0 0.5265625 0.628125 0.01875 0.04375
0 0.68046875 0.62578125 0.03671875 0.03125
0 0.7109375 0.62265625 0.02578125 0.034375
0 0.653125 0.8375 0.0296875 0.059375
0 0.69453125 0.86015625 0.05703125 0.05234375
0 0.7140625 0.9484375 0.05625 0.05703125
0 0.9265625 0.6296875 0.02734375 0.05234375
0 0.83515625 0.74609375 0.03046875 0.053125
0 0.825 0.78515625 0.0390625 0.059375
0 0.8671875 0.9140625 0.0484375 0.0890625
0 0.99140625 0.65703125 0.01640625 0.03671875
0 0.99296875 0.61796875 0.01328125 0.0328125
0 0.21953125 0.63515625 0.02578125 0.03046875