0 0.384375 0.7578125 0.0296875 0.04296875
0 0.64375 0.665625 0.0234375 0.03125
0 0.46640625 0.7796875 0.02265625 0.03984375
0 0.46328125 0.6515625 0.03671875 0.0390625
0 0.65390625 0.73203125 0.0203125 0.034375
0 0.45859375 0.66796875 0.0328125 0.034375
0 0.47109375 0.62734375 0.01953125 0.03515625
0 0.3609375 0.68515625 0.03671875 0.0296875
0 0.33046875 0.78203125 0.0453125 0.04921875
0 0.27890625 0.75546875 0.0390625 0.04140625
0 0.25 0.7421875 0.01875 0.034375
0 0.28125 0.69609375 0.03515625 0.04453125
0 0.23984375 0.66875 0.02890625 0.0375
0 0.18828125 0.62890625 0.01875 0.02265625
0 0.184375 0.75703125 0.021875 0.0296875
0 0.1671875 0.7546875 0.0328125 0.02890625
0 0.55078125 0.7765625 0.025 0.02734375
0 0.52578125 0.77578125 0.02265625 0.025
0 0.74375 0.66171875 0.015625 0.03046875
0 0.7640625 0.66484375 0.01875 0.03671875