0 0.140625 0.6625 0.02265625 0.03125
0 0.1609375 0.68671875 0.021875 0.0359375
0 0.184375 0.67421875 0.02265625 0.034375
0 0.2578125 0.6484375 0.02734375 0.0296875
0 0.31640625 0.646875 0.0234375 0.04453125
0 0.29921875 0.696875 0.0296875 0.0390625
0 0.35703125 0.6984375 0.02578125 0.03671875
0 0.3703125 0.63828125 0.01796875 0.02734375
0 0.39140625 0.64765625 0.02734375 0.034375
0 0.3921875 0.8625 0.03359375 0.071875
0 0.5453125 0.728125 0.02734375 0.0390625
0 0.565625 0.653125 0.02265625 0.04296875
0 0.56953125 0.628125 0.0234375 0.03203125
0 0.57578125 0.92890625 0.0421875 0.071875
0 0.86328125 0.8984375 0.05859375 0.07421875
0 0.8515625 0.78359375 0.04453125 0.059375
0 0.72890625 0.69296875 0.025 0.05625
0 0.71484375 0.61328125 0.0234375 0.02890625
0 0.85546875 0.66171875 0.02734375 0.03203125
0 0.9515625 0.63046875 0.028125 0.04453125
0 0.45078125 0.63125 0.034375 0.03125
0 0.30625 0.6203125 0.02265625 0.0234375