0 0.1625 0.67734375 0.02421875 0.02890625
0 0.2484375 0.65 0.02421875 0.02734375
0 0.27890625 0.64609375 0.0171875 0.02109375
0 0.30390625 0.70078125 0.03046875 0.04375
0 0.21328125 0.85078125 0.034375 0.0484375
0 0.32421875 0.8359375 0.0359375 0.0546875
0 0.34453125 0.665625 0.01796875 0.0265625
0 0.3390625 0.69609375 0.0234375 0.0296875
0 0.390625 0.6453125 0.01875 0.02578125
0 0.42421875 0.88515625 0.0375 0.05390625
0 0.5265625 0.890625 0.040625 0.04453125
0 0.3328125 0.6109375 0.01796875 0.02421875
0 0.30546875 0.61328125 0.01875 0.0234375
0 0.21171875 0.63671875 0.01328125 0.025
0 0.22109375 0.628125 0.01171875 0.01796875
0 0.6234375 0.71328125 0.025 0.0453125
0 0.690625 0.69296875 0.02421875 0.04375
0 0.7453125 0.6265625 0.02265625 0.0296875
0 0.68515625 0.62734375 0.03515625 0.025
0 0.57109375 0.628125 0.01875 0.03046875
0 0.68125 0.96953125 0.03125 0.0609375
0 0.7609375 0.96171875 0.075 0.05390625
0 0.8046875 0.76484375 0.05 0.0453125
0 0.91796875 0.78828125 0.03359375 0.04453125
0 0.9328125 0.61953125 0.02890625 0.02578125
0 0.95703125 0.6375 0.0234375 0.0296875
0 0.8234375 0.66796875 0.0171875 0.02890625
0 0.58984375 0.6046875 0.01875 0.02265625
0 0.3921875 0.59921875 0.01484375 0.025
0 0.421875 0.6015625 0.01328125 0.0203125
0 0.47578125 0.60078125 0.0171875 0.0234375
0 0.453125 0.603125 0.0171875 0.0234375
0 0.1390625 0.6171875 0.0203125 0.02265625