0 0.1734375 0.715625 0.02734375 0.05390625
0 0.20546875 0.6703125 0.03046875 0.03359375
0 0.29921875 0.82265625 0.04140625 0.05234375
0 0.34296875 0.82265625 0.03671875 0.04609375
0 0.2671875 0.6765625 0.028125 0.028125
0 0.35546875 0.70859375 0.03828125 0.0421875
0 0.35546875 0.65390625 0.03046875 0.0390625
0 0.3765625 0.6515625 0.021875 0.03828125
0 0.2203125 0.6375 0.025 0.021875
0 0.22734375 0.65234375 0.021875 0.01875
0 0.475 0.6328125 0.02734375 0.034375
0 0.578125 0.71796875 0.034375 0.046875
0 0.58359375 0.85859375 0.04375 0.0671875
0 0.61875 0.84453125 0.0328125 0.04921875
0 0.696875 0.70546875 0.03125 0.03671875
0 0.709375 0.65234375 0.02421875 0.0296875
0 0.66328125 0.61640625 0.0234375 0.02890625
0 0.853125 0.7484375 0.03203125 0.04296875
0 0.85625 0.80859375 0.03515625 0.0515625
0 0.86796875 0.67734375 0.02265625 0.046875
0 0.7609375 0.54375 0.025 0.0359375