0 0.621875 0.49765625 0.04375 0.04765625
0 0.4671875 0.66796875 0.0375 0.0296875
0 0.44921875 0.74140625 0.04140625 0.053125
0 0.3109375 0.715625 0.0390625 0.04609375
0 0.30078125 0.74296875 0.034375 0.06640625
0 0.2625 0.72578125 0.0390625 0.0359375
0 0.34765625 0.66875 0.0265625 0.0328125
0 0.5125 0.63203125 0.0265625 0.03671875
0 0.16484375 0.73359375 0.02578125 0.03828125
0 0.18515625 0.61796875 0.015625 0.01796875
0 0.16796875 0.6234375 0.01640625 0.01953125
0 0.75 0.63671875 0.01640625 0.03828125