0 0.19140625 0.63046875 0.03125 0.02578125
0 0.15078125 0.6671875 0.02890625 0.02421875
0 0.19609375 0.76484375 0.03125 0.0421875
0 0.296875 0.6484375 0.02109375 0.0234375
0 0.34140625 0.66171875 0.01953125 0.03515625
0 0.38046875 0.6484375 0.02265625 0.0375
0 0.359375 0.7046875 0.0265625 0.034375
0 0.3875 0.696875 0.0171875 0.02421875
0 0.34921875 0.7875 0.0296875 0.03984375
0 0.378125 0.7515625 0.01953125 0.0515625
0 0.4046875 0.76484375 0.03359375 0.03515625
0 0.55703125 0.66640625 0.03359375 0.03125
0 0.60546875 0.6609375 0.03359375 0.05078125
0 0.75234375 0.66796875 0.021875 0.03125
0 0.75078125 0.60078125 0.021875 0.0375
0 0.25625 0.65546875 0.01640625 0.03046875