0 0.478125 0.7578125 0.04140625 0.05234375
0 0.49375 0.6625 0.01484375 0.021875
0 0.51484375 0.64296875 0.01796875 0.0203125
0 0.46484375 0.653125 0.02890625 0.021875
0 0.38671875 0.690625 0.025 0.03671875
0 0.36796875 0.75703125 0.04140625 0.05546875
0 0.346875 0.65703125 0.03046875 0.0453125
0 0.3296875 0.6421875 0.02890625 0.0359375
0 0.309375 0.64765625 0.01640625 0.0421875
0 0.2 0.6484375 0.01953125 0.0328125
0 0.1765625 0.634375 0.0265625 0.01796875
0 0.15546875 0.65078125 0.01796875 0.0265625
0 0.1203125 0.68046875 0.02578125 0.03515625
0 0.15 0.6703125 0.01640625 0.03359375
0 0.16171875 0.74296875 0.03203125 0.05
0 0.1984375 0.7671875 0.04140625 0.03359375
0 0.61328125 0.74296875 0.04296875 0.04921875
0 0.6703125 0.78046875 0.03359375 0.053125
0 0.74453125 0.6765625 0.028125 0.04765625
0 0.81015625 0.6703125 0.03671875 0.04296875
0 0.721875 0.72734375 0.02734375 0.04140625