0 0.4859375 0.70078125 0.03203125 0.0390625
0 0.54921875 0.65859375 0.03203125 0.04765625
0 0.35078125 0.65390625 0.02578125 0.03125
0 0.22421875 0.68046875 0.034375 0.03203125
0 0.36484375 0.6921875 0.021875 0.03125
0 0.4921875 0.77421875 0.0375 0.03984375
0 0.75234375 0.68046875 0.0328125 0.02421875
0 0.28359375 0.72265625 0.028125 0.034375
0 0.55390625 0.72734375 0.03046875 0.02421875
0 0.34453125 0.82578125 0.05078125 0.05703125
0 0.175 0.746875 0.04609375 0.040625
0 0.1875 0.66015625 0.03671875 0.0328125
0 0.19609375 0.6265625 0.0234375 0.02578125
0 0.13515625 0.653125 0.02734375 0.0359375
0 0.14609375 0.68359375 0.03203125 0.03984375
0 0.2734375 0.7015625 0.0234375 0.03984375
0 0.490625 0.740625 0.03828125 0.02890625
0 0.52265625 0.759375 0.03828125 0.0328125