0 0.13125 0.67109375 0.01796875 0.03359375
0 0.15859375 0.77109375 0.034375 0.0328125
0 0.30703125 0.83515625 0.0421875 0.0609375
0 0.39609375 0.8359375 0.0328125 0.04296875
0 0.3578125 0.69921875 0.02890625 0.02890625
0 0.3546875 0.63984375 0.02421875 0.040625
0 0.6015625 0.9546875 0.0359375 0.0625
0 0.6328125 0.95703125 0.0359375 0.05625
0 0.634375 0.73046875 0.028125 0.03984375
0 0.546875 0.62734375 0.02421875 0.0375
0 0.56875 0.63125 0.02109375 0.02578125
0 0.68984375 0.625 0.03046875 0.025
0 0.7203125 0.6171875 0.0296875 0.025
0 0.815625 0.75625 0.04453125 0.03828125
0 0.8578125 0.7921875 0.0359375 0.06015625
0 0.83984375 0.878125 0.0578125 0.0671875
0 0.91171875 0.62578125 0.01796875 0.03515625
0 0.86875 0.67734375 0.0265625 0.03046875
0 0.8046875 0.70625 0.02265625 0.0296875
0 0.29765625 0.615625 0.01796875 0.0234375
0 0.2765625 0.66484375 0.021875 0.025
0 0.29453125 0.66796875 0.021875 0.02890625
0 0.16875 0.6375 0.02265625 0.02578125