0 0.49140625 0.64375 0.04296875 0.03359375
0 0.4796875 0.640625 0.021875 0.03125
0 0.55625 0.65 0.0265625 0.03671875
0 0.57734375 0.66640625 0.02890625 0.0375
0 0.56796875 0.6609375 0.04375 0.05546875
0 0.38359375 0.646875 0.0265625 0.0421875
0 0.365625 0.63984375 0.01953125 0.0359375
0 0.3890625 0.80078125 0.0359375 0.08046875
0 0.4890625 0.7609375 0.0359375 0.06484375
0 0.35078125 0.69140625 0.03984375 0.04375
0 0.30234375 0.65859375 0.0171875 0.03046875
0 0.16640625 0.7359375 0.0234375 0.06171875
0 0.246875 0.64453125 0.02109375 0.040625
0 0.209375 0.671875 0.01796875 0.04296875
0 0.190625 0.7046875 0.02890625 0.040625
0 0.19609375 0.64921875 0.0140625 0.03359375
0 0.18984375 0.63203125 0.01953125 0.025
0 0.1515625 0.6421875 0.021875 0.0203125
0 0.59609375 0.70390625 0.0390625 0.05859375