0 0.21640625 0.63203125 0.025 0.028125
0 0.22421875 0.6640625 0.02578125 0.0421875
0 0.2546875 0.63828125 0.02265625 0.034375
0 0.27109375 0.66484375 0.02578125 0.03984375
0 0.22265625 0.96953125 0.0484375 0.05703125
0 0.290625 0.965625 0.0671875 0.06015625
0 0.28984375 0.82734375 0.0359375 0.06484375
0 0.334375 0.8234375 0.03046875 0.06875
0 0.38203125 0.7296875 0.03671875 0.05234375
0 0.3453125 0.6984375 0.0296875 0.0328125
0 0.38046875 0.65859375 0.02421875 0.0421875
0 0.37578125 0.63984375 0.0203125 0.03203125
0 0.3953125 0.63125 0.0171875 0.025
0 0.4421875 0.63984375 0.02578125 0.034375
0 0.53828125 0.62265625 0.02578125 0.04609375
0 0.63359375 0.665625 0.0375 0.05546875
0 0.6484375 0.73203125 0.0421875 0.03984375
0 0.6171875 0.8515625 0.04140625 0.0453125
0 0.64609375 0.83203125 0.02578125 0.046875
0 0.57109375 0.9671875 0.0390625 0.0640625
0 0.6359375 0.928125 0.0390625 0.06875
0 0.69453125 0.63671875 0.03359375 0.0390625
0 0.725 0.6875 0.034375 0.04765625
0 0.76953125 0.6625 0.02265625 0.034375
0 0.79609375 0.6703125 0.02265625 0.04296875
0 0.8109375 0.77734375 0.04453125 0.05625
0 0.92734375 0.7828125 0.03828125 0.04765625
0 0.9609375 0.6171875 0.02890625 0.03828125
0 0.3375 0.625 0.0171875 0.01875
0 0.3515625 0.61875 0.01953125 0.021875