0 0.46171875 0.6703125 0.03125 0.0390625
0 0.37265625 0.65859375 0.028125 0.034375
0 0.4703125 0.6296875 0.028125 0.021875
0 0.525 0.75390625 0.025 0.04609375
0 0.4703125 0.640625 0.025 0.0203125
0 0.5484375 0.646875 0.0203125 0.0328125
0 0.32890625 0.63984375 0.02421875 0.0296875
0 0.3484375 0.8171875 0.046875 0.05
0 0.24765625 0.73671875 0.03125 0.04140625
0 0.15390625 0.75 0.03828125 0.028125
0 0.18671875 0.6484375 0.01640625 0.0234375
0 0.2359375 0.6734375 0.0265625 0.02578125
0 0.190625 0.63046875 0.025 0.02421875
0 0.68671875 0.68046875 0.0359375 0.03359375
0 0.71484375 0.753125 0.0375 0.0453125
0 0.7625 0.66328125 0.0265625 0.0359375