0 0.22578125 0.65234375 0.0265625 0.034375
0 0.225 0.79296875 0.0453125 0.0421875
0 0.29140625 0.79453125 0.03984375 0.04453125
0 0.35 0.6890625 0.02890625 0.03828125
0 0.31484375 0.628125 0.025 0.03125
0 0.33828125 0.6203125 0.0296875 0.03203125
0 0.384375 0.64609375 0.02890625 0.03046875
0 0.225 0.621875 0.028125 0.03125
0 0.42421875 0.71953125 0.028125 0.05078125
0 0.4484375 0.715625 0.02265625 0.04609375
0 0.4390625 0.61796875 0.02890625 0.03671875
0 0.43984375 0.953125 0.0390625 0.09375
0 0.534375 0.9203125 0.05234375 0.07109375
0 0.57890625 0.85 0.0578125 0.06953125
0 0.60390625 0.6609375 0.04296875 0.0375
0 0.57109375 0.63359375 0.02578125 0.02734375
0 0.5359375 0.628125 0.028125 0.025
0 0.69375 0.71953125 0.034375 0.059375
0 0.853125 0.784375 0.0515625 0.059375
0 0.903125 0.734375 0.0390625 0.04765625
0 0.90390625 0.63203125 0.03125 0.03984375
0 0.9375 0.6296875 0.03203125 0.04296875
0 0.80625 0.6203125 0.02265625 0.0359375
0 0.97421875 0.92734375 0.0515625 0.0890625
0 0.85390625 0.96015625 0.0734375 0.0796875