0 0.7484375 0.675 0.0265625 0.021875
0 0.3046875 0.74296875 0.04921875 0.0375
0 0.20078125 0.7609375 0.025 0.05
0 0.16640625 0.73828125 0.03203125 0.0484375
0 0.16484375 0.68359375 0.0234375 0.03046875
0 0.20390625 0.65078125 0.02421875 0.03125
0 0.28671875 0.7609375 0.040625 0.04375
0 0.2546875 0.7265625 0.03671875 0.0421875
0 0.36640625 0.6890625 0.02734375 0.0359375
0 0.38671875 0.64921875 0.02109375 0.0359375
0 0.3875 0.68671875 0.01796875 0.03984375
0 0.42109375 0.7359375 0.034375 0.04609375
0 0.4828125 0.671875 0.02578125 0.03125
0 0.56796875 0.665625 0.04453125 0.04296875
0 0.5828125 0.76015625 0.0328125 0.03671875
0 0.8171875 0.67734375 0.0265625 0.05