0 0.16171875 0.7625 0.01953125 0.0375
0 0.1890625 0.72890625 0.0265625 0.03125
0 0.23359375 0.6609375 0.0453125 0.04296875
0 0.26015625 0.628125 0.02578125 0.03203125
0 0.253125 0.70390625 0.0390625 0.0515625
0 0.3359375 0.66796875 0.0171875 0.02421875
0 0.32109375 0.640625 0.02421875 0.02421875
0 0.46484375 0.634375 0.01796875 0.0234375
0 0.50078125 0.64375 0.01484375 0.02890625
0 0.4765625 0.6828125 0.0296875 0.0375
0 0.6078125 0.66796875 0.04140625 0.0453125
0 0.7640625 0.67421875 0.025 0.05234375