0 0.47890625 0.77890625 0.02890625 0.03359375
0 0.48984375 0.6671875 0.015625 0.0203125
0 0.5484375 0.65390625 0.02109375 0.05625
0 0.371875 0.728125 0.03515625 0.03046875
0 0.3796875 0.7015625 0.03203125 0.03125
0 0.63671875 0.7515625 0.02109375 0.03203125
0 0.159375 0.7453125 0.0421875 0.03828125
0 0.3171875 0.6515625 0.0234375 0.02265625
0 0.3390625 0.640625 0.02578125 0.03828125
0 0.17109375 0.625 0.01953125 0.028125
0 0.5015625 0.6234375 0.02890625 0.03671875
0 0.47734375 0.63828125 0.01484375 0.03046875
0 0.75390625 0.6640625 0.03125 0.06015625
0 0.74140625 0.6890625 0.03359375 0.0484375
0 0.61953125 0.75078125 0.02734375 0.03828125
0 0.40234375 0.8375 0.03515625 0.04140625