0 0.75078125 0.68203125 0.06328125 0.05
0 0.378125 0.71640625 0.0296875 0.03203125
0 0.646875 0.70546875 0.0265625 0.0390625
0 0.36640625 0.65703125 0.02734375 0.04296875
0 0.5203125 0.75078125 0.02265625 0.05
0 0.70546875 0.6984375 0.0296875 0.0515625
0 0.578125 0.64375 0.02890625 0.040625
0 0.49296875 0.6359375 0.0171875 0.0234375
0 0.16953125 0.74765625 0.0296875 0.03125
0 0.16328125 0.7671875 0.028125 0.0359375
0 0.19765625 0.64609375 0.025 0.03984375
0 0.27265625 0.703125 0.0234375 0.03359375