0 0.56484375 0.71171875 0.02890625 0.04765625
0 0.60234375 0.71796875 0.0359375 0.0421875
0 0.59609375 0.66640625 0.04140625 0.0390625
0 0.584375 0.64453125 0.03515625 0.03828125
0 0.5 0.6234375 0.0265625 0.03359375
0 0.37421875 0.63125 0.03125 0.03203125
0 0.32890625 0.63046875 0.0234375 0.03671875
0 0.3046875 0.64921875 0.0296875 0.03828125
0 0.76875 0.6296875 0.0359375 0.03125
0 0.7421875 0.6015625 0.021875 0.03046875
0 0.75546875 0.6078125 0.01953125 0.028125
0 0.240625 0.76953125 0.03828125 0.059375