0 0.590625 0.66640625 0.02421875 0.02734375
0 0.49296875 0.6515625 0.01484375 0.0296875
0 0.40078125 0.65234375 0.03125 0.03359375
0 0.36875 0.6875 0.028125 0.02890625
0 0.390625 0.79609375 0.02421875 0.0703125
0 0.28828125 0.73828125 0.0203125 0.03125
0 0.2109375 0.70859375 0.0265625 0.0453125
0 0.1671875 0.7390625 0.04296875 0.034375
0 0.140625 0.67265625 0.02734375 0.0234375
0 0.1671875 0.64375 0.0171875 0.021875
0 0.19375 0.628125 0.0234375 0.03046875
0 0.1421875 0.62109375 0.0171875 0.02421875
0 0.50546875 0.6328125 0.01484375 0.02578125
0 0.47109375 0.64375 0.01796875 0.021875
0 0.6 0.76875 0.03828125 0.05546875
0 0.66953125 0.7515625 0.01953125 0.0453125
0 0.71015625 0.79296875 0.04921875 0.0640625