0 0.12421875 0.671875 0.02890625 0.02890625
0 0.12578125 0.70703125 0.02265625 0.0375
0 0.3046875 0.6546875 0.0265625 0.03046875
0 0.35 0.68984375 0.03671875 0.03984375
0 0.3765625 0.678125 0.03203125 0.03515625
0 0.4921875 0.609375 0.02734375 0.03671875
0 0.65 0.66796875 0.03984375 0.04765625
0 0.6734375 0.69765625 0.02734375 0.0625
0 0.903125 0.61796875 0.03359375 0.0328125
0 0.97109375 0.609375 0.0265625 0.0484375
0 0.784375 0.63359375 0.01875 0.03359375
0 0.675 0.58359375 0.02265625 0.02578125
0 0.39765625 0.6 0.01953125 0.01875
0 0.42890625 0.60703125 0.021875 0.0203125
0 0.38671875 0.58359375 0.01640625 0.0234375
0 0.2953125 0.60234375 0.0265625 0.03359375