0 0.57890625 0.66328125 0.03046875 0.04453125
0 0.4625 0.7 0.01953125 0.0453125
0 0.203125 0.6296875 0.021875 0.0265625
0 0.2078125 0.709375 0.03203125 0.0265625
0 0.14921875 0.6890625 0.02421875 0.04453125
0 0.2609375 0.68828125 0.01796875 0.0265625
0 0.296875 0.64453125 0.03046875 0.0265625
0 0.34609375 0.65859375 0.021875 0.03359375
0 0.3765625 0.64921875 0.02109375 0.04453125
0 0.4078125 0.709375 0.01953125 0.02421875
0 0.42890625 0.75703125 0.03671875 0.040625
0 0.46640625 0.76171875 0.0265625 0.03828125
0 0.3109375 0.73046875 0.03125 0.0390625
0 0.51171875 0.64375 0.0265625 0.0296875
0 0.46640625 0.6546875 0.0203125 0.01953125
0 0.5078125 0.6234375 0.02109375 0.02421875
0 0.5921875 0.73203125 0.0359375 0.03671875
0 0.63828125 0.76015625 0.0203125 0.0359375
0 0.74453125 0.665625 0.02421875 0.0375
0 0.71484375 0.7578125 0.02890625 0.03828125
0 0.75859375 0.696875 0.02734375 0.046875