0 0.26796875 0.83359375 0.03984375 0.065625
0 0.29921875 0.8078125 0.03203125 0.06328125
0 0.3546875 0.7125 0.02421875 0.05546875
0 0.50625 0.7390625 0.03671875 0.05234375
0 0.62109375 0.71328125 0.034375 0.03984375
0 0.86875 0.890625 0.04609375 0.08828125
0 0.86796875 0.79453125 0.0390625 0.0546875
0 0.95546875 0.61171875 0.034375 0.040625
0 0.9125 0.621875 0.0171875 0.03671875
0 0.86796875 0.67578125 0.028125 0.03046875
0 0.77109375 0.82265625 0.02734375 0.0546875
0 0.75078125 0.8609375 0.05078125 0.04765625
0 0.565625 0.6296875 0.028125 0.02578125
0 0.690625 0.628125 0.034375 0.02890625
0 0.37421875 0.63671875 0.01640625 0.0203125
0 0.15390625 0.66796875 0.015625 0.02734375
0 0.175 0.66796875 0.01640625 0.03515625
0 0.2578125 0.61640625 0.0171875 0.02265625
0 0.2671875 0.59921875 0.01796875 0.021875