0 0.315625 0.82734375 0.0328125 0.0578125
0 0.3390625 0.68671875 0.028125 0.0421875
0 0.375 0.69140625 0.0296875 0.0390625
0 0.35078125 0.653125 0.03671875 0.03828125
0 0.43046875 0.62734375 0.02109375 0.03125
0 0.52265625 0.62265625 0.0203125 0.0453125
0 0.565625 0.62578125 0.03515625 0.02734375
0 0.73046875 0.634375 0.034375 0.0421875
0 0.871875 0.89921875 0.04765625 0.09375
0 0.940625 0.76328125 0.03359375 0.03828125
0 0.85625 0.65234375 0.02109375 0.0375
0 0.9125 0.63984375 0.01484375 0.04296875
0 0.915625 0.62265625 0.028125 0.0265625
0 0.38125 0.63515625 0.01875 0.02734375