0 0.42578125 0.7453125 0.04453125 0.065625
0 0.36875 0.6890625 0.02109375 0.03359375
0 0.35078125 0.66015625 0.01875 0.04375
0 0.27578125 0.759375 0.025 0.040625
0 0.25703125 0.72265625 0.0203125 0.0375
0 0.175 0.75234375 0.0328125 0.03671875
0 0.221875 0.63984375 0.02734375 0.03125
0 0.19453125 0.6203125 0.03046875 0.0359375
0 0.16015625 0.64453125 0.03359375 0.02890625
0 0.6203125 0.66796875 0.03984375 0.04765625
0 0.70390625 0.7359375 0.0234375 0.0359375
0 0.73515625 0.68359375 0.01640625 0.0546875
0 0.7484375 0.6609375 0.021875 0.05234375