0 0.25 0.821875 0.03046875 0.046875
0 0.28203125 0.8359375 0.04375 0.0515625
0 0.21015625 0.65390625 0.021875 0.02890625
0 0.22109375 0.66953125 0.02109375 0.03125
0 0.328125 0.62421875 0.02109375 0.02265625
0 0.36171875 0.64375 0.02109375 0.02890625
0 0.37734375 0.6828125 0.025 0.0265625
0 0.390625 0.6875 0.02265625 0.0375
0 0.4015625 0.66328125 0.03125 0.03203125
0 0.428125 0.63359375 0.02265625 0.040625
0 0.56171875 0.65 0.0265625 0.0296875
0 0.65234375 0.70234375 0.0203125 0.05859375
0 0.58046875 0.85703125 0.0484375 0.06640625
0 0.690625 0.853125 0.03984375 0.04140625
0 0.86796875 0.9140625 0.0546875 0.075
0 0.89453125 0.79296875 0.05 0.05390625
0 0.83359375 0.78515625 0.04140625 0.0390625
0 0.721875 0.69453125 0.0171875 0.0546875
0 0.7953125 0.6453125 0.0234375 0.02734375
0 0.83671875 0.64765625 0.02578125 0.0296875
0 0.91171875 0.6265625 0.021875 0.02734375
0 0.9390625 0.62578125 0.01953125 0.0234375
0 0.96484375 0.59296875 0.0234375 0.02890625
0 0.7375 0.62265625 0.02890625 0.03125
0 0.76484375 0.62109375 0.01796875 0.025
0 0.5625 0.62265625 0.0265625 0.0265625
0 0.584375 0.6234375 0.01640625 0.02265625
0 0.3421875 0.62109375 0.0265625 0.0234375