0 0.56484375 0.6640625 0.03359375 0.0375
0 0.5375 0.696875 0.0328125 0.034375
0 0.66484375 0.7078125 0.02734375 0.03984375
0 0.42109375 0.696875 0.0328125 0.0265625
0 0.36484375 0.63828125 0.02265625 0.02578125
0 0.42421875 0.78125 0.03828125 0.03828125
0 0.49921875 0.75234375 0.03359375 0.028125
0 0.36015625 0.7453125 0.03515625 0.04140625
0 0.38828125 0.6421875 0.02265625 0.025
0 0.3515625 0.80078125 0.03984375 0.0375
0 0.740625 0.61875 0.02734375 0.02421875
0 0.75703125 0.646875 0.02890625 0.02890625
0 0.65234375 0.36328125 0.0421875 0.05234375
0 0.45078125 0.81484375 0.04296875 0.034375
0 0.26640625 0.775 0.04296875 0.046875
0 0.16875 0.76328125 0.03984375 0.04375
0 0.13203125 0.69375 0.025 0.03203125
0 0.14765625 0.63671875 0.02578125 0.028125
0 0.25078125 0.63984375 0.02109375 0.025