0 0.24453125 0.84375 0.025 0.05546875
0 0.28125 0.83125 0.0375 0.07890625
0 0.30546875 0.6484375 0.02734375 0.02265625
0 0.35 0.6421875 0.03515625 0.02578125
0 0.35390625 0.69765625 0.0390625 0.03125
0 0.56953125 0.6296875 0.01640625 0.034375
0 0.66171875 0.6203125 0.02421875 0.025
0 0.67890625 0.615625 0.01875 0.0359375
0 0.71484375 0.61484375 0.02578125 0.02734375
0 0.784375 0.625 0.0328125 0.03359375
0 0.77734375 0.69453125 0.03203125 0.05234375
0 0.75078125 0.8515625 0.040625 0.03984375
0 0.86484375 0.915625 0.07734375 0.05625
0 0.86640625 0.80625 0.028125 0.03671875
0 0.9109375 0.62734375 0.02421875 0.02890625
0 0.21875 0.6234375 0.0125 0.01796875
0 0.72578125 0.59453125 0.01875 0.01796875