0 0.25546875 0.65859375 0.0296875 0.028125
0 0.23515625 0.6578125 0.021875 0.028125
0 0.275 0.6421875 0.02421875 0.03046875
0 0.290625 0.69375 0.02890625 0.03125
0 0.35 0.67421875 0.01640625 0.03828125
0 0.3609375 0.68359375 0.01875 0.03984375
0 0.35546875 0.6375 0.021875 0.03046875
0 0.328125 0.8359375 0.04375 0.05
0 0.2703125 0.978125 0.05703125 0.04375
0 0.50078125 0.90234375 0.05 0.05625
0 0.5203125 0.628125 0.01640625 0.0453125
0 0.56953125 0.63125 0.01796875 0.034375
0 0.57890625 0.5984375 0.01875 0.0265625
0 0.703125 0.72421875 0.0234375 0.0625
0 0.86328125 0.909375 0.075 0.06328125
0 0.8671875 0.675 0.0234375 0.0328125
0 0.9359375 0.6203125 0.01953125 0.0265625
0 0.75 0.61640625 0.02890625 0.03203125