0 0.659375 0.684375 0.01875 0.053125
0 0.54921875 0.65234375 0.028125 0.034375
0 0.4140625 0.73671875 0.03828125 0.05625
0 0.521875 0.771875 0.03359375 0.03515625
0 0.675 0.73359375 0.03359375 0.03828125
0 0.7484375 0.36015625 0.02734375 0.034375
0 0.50546875 0.6296875 0.0296875 0.028125
0 0.66953125 0.7046875 0.03359375 0.0859375
0 0.4578125 0.81953125 0.0328125 0.04453125
0 0.15234375 0.7546875 0.03125 0.03125
0 0.19140625 0.62578125 0.02109375 0.028125
0 0.1796875 0.76875 0.0265625 0.0328125
0 0.37109375 0.66015625 0.021875 0.02578125
0 0.2984375 0.65390625 0.01875 0.025
0 0.11328125 0.67578125 0.02109375 0.02421875
0 0.31640625 0.80390625 0.04375 0.0375