0 0.6203125 0.7265625 0.0234375 0.0453125
0 0.6671875 0.66875 0.0328125 0.02578125
0 0.27421875 0.74140625 0.021875 0.03515625
0 0.38359375 0.7 0.02890625 0.02421875
0 0.384375 0.7125 0.02890625 0.02890625
0 0.47421875 0.64375 0.01875 0.021875
0 0.48359375 0.71328125 0.02890625 0.03671875
0 0.47421875 0.74453125 0.01953125 0.04609375
0 0.51875 0.71953125 0.0171875 0.02890625
0 0.5734375 0.67421875 0.0140625 0.03125
0 0.5921875 0.67109375 0.0171875 0.03359375
0 0.39140625 0.65703125 0.02265625 0.03515625
0 0.75625 0.65625 0.01953125 0.0375
0 0.240625 0.6671875 0.01796875 0.03125
0 0.21953125 0.65390625 0.01484375 0.03515625
0 0.203125 0.6703125 0.02890625 0.02578125
0 0.32578125 0.67421875 0.0234375 0.02890625