0 0.18671875 0.6765625 0.02421875 0.02890625
0 0.23125 0.8375 0.0375 0.06171875
0 0.34453125 0.74296875 0.034375 0.053125
0 0.259375 0.66796875 0.0234375 0.034375
0 0.3546875 0.6296875 0.02265625 0.03359375
0 0.38046875 0.64609375 0.021875 0.02890625
0 0.4828125 0.6265625 0.0328125 0.034375
0 0.6421875 0.72578125 0.028125 0.03984375
0 0.6515625 0.7734375 0.0296875 0.04375
0 0.86796875 0.91640625 0.06328125 0.075
0 0.8875 0.8 0.02734375 0.03984375
0 0.86953125 0.678125 0.01953125 0.04375
0 0.9125 0.628125 0.0140625 0.02578125
0 0.69609375 0.640625 0.02265625 0.03515625
0 0.66796875 0.62734375 0.025 0.03046875
0 0.62734375 0.60546875 0.02578125 0.02734375
0 0.56640625 0.63125 0.03046875 0.03203125
0 0.39609375 0.5984375 0.0203125 0.02734375
0 0.41953125 0.609375 0.01875 0.02578125
0 0.98203125 0.46328125 0.0296875 0.05390625