0 0.334375 0.825 0.034375 0.0625
0 0.38125 0.8234375 0.03671875 0.06171875
0 0.34765625 0.69375 0.0390625 0.0390625
0 0.3703125 0.68125 0.02109375 0.0328125
0 0.3609375 0.6265625 0.021875 0.03359375
0 0.3734375 0.6390625 0.0234375 0.0421875
0 0.53828125 0.88671875 0.053125 0.07421875
0 0.61171875 0.71640625 0.02734375 0.04140625
0 0.6453125 0.6734375 0.03203125 0.04375
0 0.6890625 0.753125 0.03515625 0.06328125
0 0.7609375 0.8375 0.02734375 0.0640625
0 0.79765625 0.640625 0.021875 0.0359375
0 0.91015625 0.6171875 0.021875 0.03359375
0 0.56953125 0.6265625 0.01953125 0.03046875