0 0.13984375 0.65859375 0.03046875 0.03203125
0 0.17109375 0.62109375 0.02421875 0.0359375
0 0.32109375 0.64453125 0.0328125 0.04296875
0 0.3515625 0.66015625 0.03203125 0.02578125
0 0.34609375 0.73828125 0.02265625 0.05390625
0 0.37421875 0.79453125 0.0375 0.07421875
0 0.4359375 0.703125 0.03125 0.05546875
0 0.478125 0.6625 0.03359375 0.040625
0 0.48046875 0.63359375 0.02265625 0.03046875
0 0.51953125 0.62421875 0.025 0.028125
0 0.55625 0.65546875 0.02578125 0.0265625
0 0.57265625 0.67109375 0.0234375 0.05625
0 0.73203125 0.67734375 0.025 0.03671875
0 0.765625 0.659375 0.02734375 0.03828125
0 0.5828125 0.75546875 0.02109375 0.034375
0 0.6046875 0.75234375 0.0203125 0.034375