0 0.1625 0.640625 0.01875 0.0140625
0 0.28828125 0.7375 0.0171875 0.02265625
0 0.19453125 0.70546875 0.0265625 0.04921875
0 0.15703125 0.671875 0.025 0.03046875
0 0.178125 0.6671875 0.0203125 0.02734375
0 0.18984375 0.625 0.0171875 0.03046875
0 0.2375 0.63515625 0.02265625 0.0375
0 0.1640625 0.74609375 0.04140625 0.0390625
0 0.340625 0.665625 0.0296875 0.03515625
0 0.3859375 0.6578125 0.0171875 0.03125
0 0.359375 0.6875 0.03046875 0.03671875
0 0.38984375 0.6890625 0.03125 0.03515625
0 0.38515625 0.72265625 0.021875 0.02421875
0 0.4109375 0.72734375 0.0265625 0.02109375
0 0.41640625 0.73125 0.0234375 0.0203125
0 0.50859375 0.63671875 0.02578125 0.03671875
0 0.55 0.67265625 0.025 0.0421875
0 0.6625 0.7140625 0.034375 0.040625
0 0.65390625 0.6609375 0.0203125 0.05234375
0 0.54765625 0.15625 0.0703125 0.0734375