0 0.178125 0.73828125 0.0375 0.046875
0 0.2515625 0.64140625 0.02265625 0.01953125
0 0.3734375 0.69609375 0.01796875 0.02578125
0 0.3890625 0.659375 0.01796875 0.03359375
0 0.43671875 0.69609375 0.0203125 0.05
0 0.453125 0.684375 0.02421875 0.040625
0 0.48828125 0.6296875 0.02265625 0.0265625
0 0.55390625 0.675 0.02734375 0.04375
0 0.66796875 0.6578125 0.040625 0.05078125
0 0.68359375 0.70703125 0.021875 0.06484375
0 0.7625 0.66796875 0.0328125 0.0359375
0 0.57109375 0.75078125 0.03671875 0.05078125
0 0.846875 0.603125 0.0328125 0.04140625