0 0.16484375 0.77265625 0.02578125 0.040625
0 0.16796875 0.6796875 0.0171875 0.028125
0 0.22109375 0.63671875 0.02109375 0.0265625
0 0.2671875 0.65625 0.02421875 0.025
0 0.36015625 0.696875 0.0265625 0.0375
0 0.38515625 0.82578125 0.028125 0.0453125
0 0.60390625 0.67109375 0.02890625 0.06484375
0 0.66640625 0.63203125 0.02421875 0.046875
0 0.6984375 0.63203125 0.03125 0.02890625
0 0.78984375 0.64609375 0.0203125 0.03203125
0 0.90390625 0.73515625 0.02578125 0.04296875
0 0.9921875 0.621875 0.015625 0.028125
0 0.56875 0.6265625 0.01953125 0.03046875
0 0.32890625 0.6296875 0.02109375 0.02734375