0 0.55234375 0.75625 0.03125 0.0421875
0 0.35390625 0.69375 0.0421875 0.03515625
0 0.35 0.6625 0.02578125 0.0203125
0 0.37265625 0.6671875 0.02421875 0.01953125
0 0.30234375 0.64609375 0.02109375 0.02578125
0 0.26328125 0.6859375 0.02578125 0.0203125
0 0.2328125 0.66875 0.0140625 0.01953125
0 0.2359375 0.63671875 0.0125 0.01796875
0 0.2421875 0.7390625 0.0296875 0.025
0 0.15703125 0.75390625 0.03359375 0.02890625
0 0.11484375 0.6625 0.0234375 0.0265625
0 0.51328125 0.6671875 0.0328125 0.03125
0 0.496875 0.64140625 0.01640625 0.01875
0 0.5015625 0.65703125 0.01484375 0.02421875
0 0.54375 0.653125 0.02109375 0.034375
0 0.6109375 0.6703125 0.0265625 0.02734375
0 0.64765625 0.66328125 0.03984375 0.03828125
0 0.6296875 0.67265625 0.01796875 0.02734375
0 0.671875 0.73828125 0.03984375 0.025
0 0.7484375 0.67265625 0.03671875 0.03984375
0 0.709375 0.7359375 0.02265625 0.02734375