0 0.46484375 0.72265625 0.03828125 0.03828125
0 0.37265625 0.78671875 0.03515625 0.05546875
0 0.3171875 0.72890625 0.0375 0.03984375
0 0.7390625 0.51953125 0.084375 0.0796875
0 0.46484375 0.72265625 0.03828125 0.03828125
0 0.57109375 0.73671875 0.02578125 0.03984375
0 0.37265625 0.78671875 0.03515625 0.05546875
0 0.3171875 0.72890625 0.0375 0.03984375
0 0.1578125 0.6671875 0.02421875 0.03046875
0 0.159375 0.71875 0.0296875 0.02890625
0 0.16640625 0.74609375 0.03515625 0.04375
0 0.27421875 0.79375 0.0375 0.05546875