0 0.27421875 0.72265625 0.03046875 0.05234375
0 0.4453125 0.65546875 0.0203125 0.0359375
0 0.63359375 0.678125 0.0359375 0.08359375
0 0.38125 0.67421875 0.0265625 0.03046875
0 0.35234375 0.41015625 0.03203125 0.0359375
0 0.6359375 0.65859375 0.03203125 0.0421875
0 0.309375 0.63984375 0.0203125 0.02890625
0 0.47734375 0.6625 0.025 0.03125
0 0.48359375 0.63984375 0.028125 0.03359375
0 0.28359375 0.69765625 0.02109375 0.0359375
0 0.2046875 0.68828125 0.021875 0.04453125
0 0.2328125 0.6484375 0.01953125 0.01640625
0 0.16640625 0.653125 0.0234375 0.0359375
0 0.1921875 0.640625 0.0171875 0.01875
0 0.1875 0.62421875 0.0171875 0.02109375
0 0.16171875 0.7484375 0.03046875 0.04609375
0 0.528125 0.75703125 0.03515625 0.046875
0 0.6078125 0.77421875 0.03046875 0.0390625
0 0.59375 0.715625 0.05703125 0.08125
0 0.74296875 0.68046875 0.03671875 0.02578125
0 0.82265625 0.6859375 0.034375 0.0421875