0 0.1390625 0.63359375 0.0390625 0.04296875
0 0.19375 0.6265625 0.034375 0.028125
0 0.2015625 0.6484375 0.02578125 0.02890625
0 0.21015625 0.67890625 0.021875 0.03828125
0 0.1765625 0.75546875 0.046875 0.0390625
0 0.24296875 0.67890625 0.02578125 0.0328125
0 0.26171875 0.69296875 0.03046875 0.0375
0 0.278125 0.6453125 0.03203125 0.03046875
0 0.3046875 0.65 0.02265625 0.04140625
0 0.346875 0.659375 0.028125 0.03125
0 0.38125 0.66328125 0.03359375 0.040625
0 0.3203125 0.70546875 0.03359375 0.0609375
0 0.69296875 0.6875 0.03671875 0.0375
0 0.6375 0.73984375 0.0375 0.0390625
0 0.5828125 0.64765625 0.02421875 0.0484375
0 0.5078125 0.6390625 0.0328125 0.03359375
0 0.81875 0.66875 0.03828125 0.053125