0 0.43828125 0.68671875 0.0390625 0.05703125
0 0.340625 0.65625 0.0359375 0.04140625
0 0.515625 0.728125 0.03125 0.0421875
0 0.59375 0.76875 0.021875 0.0609375
0 0.5578125 0.709375 0.01875 0.02734375
0 0.54296875 0.72109375 0.02109375 0.02421875
0 0.27109375 0.74375 0.028125 0.06640625
0 0.17421875 0.74921875 0.03984375 0.04453125
0 0.13671875 0.63828125 0.02109375 0.03125
0 0.19140625 0.65234375 0.01796875 0.03515625
0 0.17265625 0.6265625 0.01875 0.021875
0 0.25390625 0.65625 0.0203125 0.02578125
0 0.49765625 0.6390625 0.0359375 0.0390625