0 0.3609375 0.721875 0.0296875 0.05390625
0 0.3921875 0.66328125 0.02109375 0.02265625
0 0.48203125 0.71328125 0.0296875 0.025
0 0.47109375 0.753125 0.0390625 0.0484375
0 0.38046875 0.8171875 0.05625 0.046875
0 0.24453125 0.66328125 0.03125 0.03046875
0 0.22578125 0.64921875 0.01328125 0.02890625
0 0.2359375 0.64609375 0.01328125 0.03125
0 0.203125 0.62421875 0.01640625 0.01796875
0 0.1671875 0.634375 0.01953125 0.02578125
0 0.25078125 0.690625 0.0296875 0.034375
0 0.63671875 0.759375 0.0296875 0.02421875
0 0.715625 0.746875 0.034375 0.021875
0 0.7640625 0.65703125 0.025 0.04296875