0 0.16953125 0.64453125 0.021875 0.01796875
0 0.203125 0.65 0.02265625 0.0265625
0 0.203125 0.6296875 0.01875 0.0171875
0 0.20703125 0.68515625 0.01796875 0.04296875
0 0.23828125 0.68828125 0.0125 0.04296875
0 0.35234375 0.67109375 0.02421875 0.03359375
0 0.39765625 0.6578125 0.0140625 0.02734375
0 0.36796875 0.71171875 0.04375 0.02109375
0 0.19453125 0.7640625 0.03125 0.04296875
0 0.403125 0.80859375 0.028125 0.0421875
0 0.475 0.81875 0.0203125 0.05234375
0 0.4640625 0.7296875 0.02265625 0.040625
0 0.4859375 0.65078125 0.0203125 0.02890625
0 0.52109375 0.6953125 0.02265625 0.025
0 0.5375 0.67734375 0.02734375 0.03125
0 0.57109375 0.665625 0.02578125 0.0234375
0 0.565625 0.74921875 0.02109375 0.0421875
0 0.6109375 0.74765625 0.02265625 0.025
0 0.646875 0.7421875 0.02421875 0.02890625
0 0.646875 0.76171875 0.03046875 0.03125
0 0.7 0.6984375 0.028125 0.03125
0 0.734375 0.671875 0.0328125 0.03671875