0 0.27421875 0.74296875 0.03203125 0.06328125
0 0.371875 0.77890625 0.04921875 0.05625
0 0.403125 0.71953125 0.01875 0.0453125
0 0.41015625 0.69921875 0.021875 0.0265625
0 0.40546875 0.6609375 0.02421875 0.02421875
0 0.4109375 0.68125 0.01484375 0.03984375
0 0.5671875 0.67265625 0.02265625 0.028125
0 0.58046875 0.65390625 0.02265625 0.03828125
0 0.4875 0.64140625 0.01484375 0.02890625
0 0.2734375 0.70625 0.034375 0.03515625
0 0.23203125 0.68671875 0.021875 0.04609375
0 0.25078125 0.6484375 0.01875 0.03671875
0 0.14609375 0.671875 0.0265625 0.028125
0 0.16953125 0.6625 0.0234375 0.040625
0 0.6296875 0.7328125 0.02734375 0.03984375