0 0.62578125 0.44453125 0.0375 0.05234375
0 0.34296875 0.66953125 0.0296875 0.03203125
0 0.3484375 0.7359375 0.04140625 0.04453125
0 0.3515625 0.82890625 0.040625 0.046875
0 0.378125 0.83125 0.0375 0.05234375
0 0.565625 0.628125 0.028125 0.03984375
0 0.61640625 0.71875 0.03359375 0.0640625
0 0.67734375 0.77265625 0.04375 0.0484375
0 0.63515625 0.834375 0.04453125 0.065625
0 0.6859375 0.8546875 0.05625 0.065625
0 0.865625 0.8828125 0.05078125 0.0859375
0 0.83203125 0.78828125 0.05234375 0.0703125
0 0.934375 0.6140625 0.03984375 0.04296875
0 0.76171875 0.68828125 0.0359375 0.05546875
0 0.78046875 0.65234375 0.03671875 0.04453125
0 0.80625 0.66015625 0.03515625 0.040625