0 0.540625 0.68359375 0.02109375 0.01953125
0 0.503125 0.646875 0.0125 0.02109375
0 0.471875 0.70390625 0.02734375 0.0640625
0 0.36796875 0.703125 0.01875 0.0453125
0 0.37578125 0.684375 0.02734375 0.025
0 0.35390625 0.6640625 0.02578125 0.02890625
0 0.29453125 0.66015625 0.0296875 0.03125
0 0.25078125 0.6484375 0.02421875 0.03359375
0 0.24453125 0.68828125 0.03203125 0.025
0 0.28671875 0.7921875 0.025 0.04921875
0 0.184375 0.63984375 0.0265625 0.02109375
0 0.7171875 0.70390625 0.01796875 0.059375
0 0.646875 0.71484375 0.02734375 0.02265625
0 0.653125 0.73828125 0.0234375 0.03046875
0 0.68203125 0.68125 0.034375 0.040625