0 0.75 0.24609375 0.04765625 0.0421875
0 0.50859375 0.64296875 0.025 0.0296875
0 0.41640625 0.78515625 0.04609375 0.053125
0 0.309375 0.80234375 0.0453125 0.0390625
0 0.296875 0.76171875 0.03984375 0.0421875
0 0.35859375 0.68828125 0.028125 0.0328125
0 0.28515625 0.70390625 0.028125 0.03515625
0 0.28828125 0.63828125 0.02265625 0.03046875
0 0.23125 0.68125 0.025 0.0296875
0 0.18671875 0.63203125 0.02734375 0.0296875
0 0.25234375 0.68828125 0.025 0.02421875
0 0.2609375 0.703125 0.02265625 0.034375
0 0.16484375 0.678125 0.02578125 0.02421875
0 0.18671875 0.70234375 0.028125 0.0265625
0 0.20390625 0.71796875 0.0203125 0.01875
0 0.146875 0.728125 0.02890625 0.0203125
0 0.1546875 0.74609375 0.0296875 0.03046875