0 0.29140625 0.82109375 0.0296875 0.04453125
0 0.3109375 0.80703125 0.0234375 0.04296875
0 0.4171875 0.85546875 0.05078125 0.06484375
0 0.50234375 0.90625 0.03203125 0.0640625
0 0.63046875 0.77890625 0.02578125 0.03671875
0 0.61640625 0.7109375 0.02421875 0.05859375
0 0.57265625 0.6296875 0.0203125 0.025
0 0.68515625 0.61796875 0.03125 0.028125
0 0.49375 0.628125 0.02890625 0.0375
0 0.74921875 0.8546875 0.04140625 0.0625
0 0.78671875 0.8453125 0.0234375 0.0390625
0 0.9421875 0.79140625 0.03125 0.04609375
0 0.84296875 0.7421875 0.03359375 0.0515625
0 0.8265625 0.653125 0.01875 0.025
0 0.846875 0.6484375 0.02578125 0.02578125
0 0.9390625 0.6140625 0.02265625 0.0328125
0 0.74765625 0.6125 0.02578125 0.03125
0 0.6890625 0.61640625 0.0234375 0.028125
0 0.6015625 0.603125 0.01328125 0.0296875
0 0.7234375 0.5953125 0.01484375 0.02421875
0 0.36171875 0.69921875 0.025 0.04296875
0 0.36875 0.63828125 0.0234375 0.03203125
0 0.1796875 0.671875 0.0296875 0.03203125
0 0.19296875 0.68125 0.0203125 0.0265625
0 0.184375 0.72265625 0.01875 0.0296875
0 0.209375 0.70546875 0.01796875 0.0265625
0 0.278125 0.66796875 0.0140625 0.02421875
0 0.29765625 0.66953125 0.021875 0.025
0 0.3375 0.62265625 0.0203125 0.034375
0 0.2125 0.64453125 0.01953125 0.02109375
0 0.25078125 0.65078125 0.01796875 0.0203125
0 0.12890625 0.67734375 0.03046875 0.03046875
0 0.13046875 0.64609375 0.02109375 0.0265625