0 0.3671875 0.70546875 0.0265625 0.04609375
0 0.396875 0.70078125 0.01875 0.02421875
0 0.36328125 0.675 0.01796875 0.025
0 0.390625 0.66328125 0.02734375 0.021875
0 0.31796875 0.765625 0.04140625 0.05234375
0 0.24921875 0.69140625 0.021875 0.0375
0 0.240625 0.67421875 0.03359375 0.04140625
0 0.2265625 0.653125 0.02109375 0.0265625
0 0.23359375 0.6328125 0.0234375 0.02265625
0 0.21328125 0.63359375 0.0234375 0.0234375
0 0.18359375 0.63515625 0.02109375 0.02265625
0 0.5 0.66953125 0.01953125 0.03125
0 0.55546875 0.6875 0.0265625 0.021875
0 0.58515625 0.6703125 0.0234375 0.02578125
0 0.55546875 0.671875 0.01875 0.01953125
0 0.58125 0.74375 0.03046875 0.0296875
0 0.73046875 0.6796875 0.03359375 0.028125
0 0.76796875 0.67265625 0.0296875 0.0265625