0 0.5578125 0.6546875 0.02421875 0.034375
0 0.4875 0.7296875 0.02734375 0.053125
0 0.4421875 0.70078125 0.028125 0.0453125
0 0.34375 0.69921875 0.0296875 0.0421875
0 0.2640625 0.7421875 0.02109375 0.04453125
0 0.378125 0.65 0.01796875 0.021875
0 0.30234375 0.659375 0.02109375 0.02421875
0 0.6375 0.7140625 0.02734375 0.0234375
0 0.40234375 0.8234375 0.01875 0.03359375
0 0.13203125 0.64140625 0.0234375 0.02265625
0 0.12578125 0.65390625 0.02578125 0.025
0 0.1359375 0.6796875 0.0296875 0.0265625
0 0.27890625 0.65234375 0.01875 0.01875
0 0.75390625 0.609375 0.02265625 0.03125
0 0.68359375 0.78046875 0.034375 0.0390625
0 0.9109375 0.625 0.02109375 0.034375