0 0.64140625 0.65546875 0.02265625 0.034375
0 0.61796875 0.75390625 0.02421875 0.0265625
0 0.6359375 0.75234375 0.02265625 0.03125
0 0.68203125 0.721875 0.03515625 0.034375
0 0.69921875 0.75859375 0.02265625 0.02890625
0 0.70234375 0.76015625 0.00078125 0.003125
0 0.384375 0.6828125 0.02421875 0.0484375
0 0.40078125 0.6765625 0.0328125 0.0421875
0 0.3703125 0.65625 0.01640625 0.0453125
0 0.4171875 0.721875 0.03125 0.05078125
0 0.16953125 0.74296875 0.0265625 0.04140625
0 0.21171875 0.67890625 0.0265625 0.02734375
0 0.215625 0.64296875 0.021875 0.03203125
0 0.23515625 0.63671875 0.0203125 0.02421875
0 0.13046875 0.64609375 0.0296875 0.02734375
0 0.50546875 0.6546875 0.01796875 0.03359375