0 0.73359375 0.67578125 0.034375 0.034375
0 0.390625 0.68828125 0.028125 0.034375
0 0.484375 0.6671875 0.01875 0.0265625
0 0.51953125 0.6703125 0.0140625 0.0234375
0 0.61328125 0.68359375 0.0171875 0.0375
0 0.42109375 0.75625 0.02421875 0.03515625
0 0.38046875 0.65234375 0.015625 0.02109375
0 0.58828125 0.7734375 0.034375 0.0359375
0 0.715625 0.75703125 0.03046875 0.0453125
0 0.628125 0.6625 0.01953125 0.0390625
0 0.48125 0.6328125 0.028125 0.03359375
0 0.46171875 0.6359375 0.01328125 0.03125
0 0.2859375 0.6421875 0.03828125 0.03359375
0 0.23984375 0.65546875 0.03203125 0.034375
0 0.25390625 0.6296875 0.02265625 0.03125
0 0.20390625 0.68671875 0.0265625 0.03828125
0 0.196875 0.62578125 0.02265625 0.025
0 0.25546875 0.721875 0.03359375 0.04453125
0 0.1734375 0.74375 0.03125 0.046875
0 0.14140625 0.68828125 0.0234375 0.04375
0 0.7546875 0.65703125 0.0296875 0.0375
0 0.73671875 0.70859375 0.02734375 0.06875