0 0.16640625 0.68125 0.02734375 0.03671875
0 0.13203125 0.64921875 0.0375 0.03515625
0 0.1296875 0.7109375 0.0328125 0.03984375
0 0.146875 0.75625 0.03671875 0.03828125
0 0.209375 0.69765625 0.0296875 0.040625
0 0.19765625 0.65546875 0.0265625 0.0375
0 0.18125 0.63515625 0.03046875 0.04296875
0 0.2234375 0.62265625 0.03125 0.0296875
0 0.24375 0.6671875 0.0171875 0.03515625
0 0.32265625 0.70859375 0.03671875 0.053125
0 0.3203125 0.640625 0.0328125 0.03125
0 0.2875 0.6296875 0.02421875 0.0359375
0 0.36875 0.63125 0.01953125 0.0390625
0 0.40546875 0.6609375 0.0375 0.04453125
0 0.35390625 0.71875 0.034375 0.053125
0 0.321875 0.8171875 0.0484375 0.06875
0 0.309375 0.8453125 0.0484375 0.05078125
0 0.3171875 0.90234375 0.03515625 0.075
0 0.359375 0.92734375 0.04375 0.0875
0 0.53046875 0.7875 0.0296875 0.04140625
0 0.53515625 0.6796875 0.03125 0.0625
0 0.446875 0.63125 0.0296875 0.03828125
0 0.428125 0.61796875 0.02109375 0.02578125
0 0.53515625 0.62578125 0.03359375 0.0484375
0 0.5640625 0.61953125 0.02109375 0.034375
0 0.571875 0.59765625 0.021875 0.0359375
0 0.59140625 0.58359375 0.021875 0.0265625
0 0.60546875 0.86484375 0.05234375 0.06953125
0 0.71875 0.62890625 0.03125 0.05
0 0.6546875 0.60546875 0.02265625 0.0296875
0 0.7484375 0.6125 0.0203125 0.02734375
0 0.84609375 0.6421875 0.025 0.03828125
0 0.875 0.65390625 0.02734375 0.03828125
0 0.90625 0.63125 0.0328125 0.040625
0 0.94375 0.61015625 0.0203125 0.025
0 0.9296875 0.7296875 0.046875 0.06640625
0 0.246875 0.60390625 0.01953125 0.0265625
0 0.159375 0.603125 0.01640625 0.02421875
0 0.76328125 0.61640625 0.0203125 0.03046875