0 0.22109375 0.825 0.04609375 0.04375
0 0.20078125 0.84140625 0.0296875 0.0390625
0 0.1765625 0.690625 0.03359375 0.04375
0 0.21953125 0.67265625 0.02578125 0.040625
0 0.81640625 0.7890625 0.0359375 0.05859375
0 0.8484375 0.76328125 0.03359375 0.04765625
0 0.69375 0.7140625 0.0375 0.04453125
0 0.6671875 0.665625 0.02578125 0.040625
0 0.8046875 0.6453125 0.03359375 0.04140625
0 0.67890625 0.62421875 0.03359375 0.0390625
0 0.484375 0.625 0.0234375 0.03515625
0 0.36171875 0.63125 0.0203125 0.02890625
0 0.37890625 0.65234375 0.01953125 0.02734375
0 0.440625 0.63125 0.01796875 0.0296875
0 0.303125 0.6265625 0.01796875 0.03203125
0 0.221875 0.6390625 0.0265625 0.02578125