0 0.384375 0.678125 0.03515625 0.0421875
0 0.35390625 0.65703125 0.02734375 0.0265625
0 0.28359375 0.7296875 0.03046875 0.04609375
0 0.215625 0.6671875 0.02890625 0.0265625
0 0.25234375 0.6359375 0.02578125 0.01953125
0 0.2546875 0.6609375 0.03203125 0.03359375
0 0.325 0.75546875 0.02734375 0.071875
0 0.3546875 0.74765625 0.03125 0.03203125
0 0.12109375 0.6703125 0.01484375 0.0296875
0 0.45 0.7265625 0.02890625 0.06328125
0 0.5140625 0.63828125 0.025 0.0453125
0 0.51328125 0.759375 0.03984375 0.046875
0 0.61640625 0.7671875 0.04453125 0.0671875
0 0.65546875 0.70625 0.04296875 0.053125
0 0.5859375 0.65078125 0.028125 0.05
0 0.75234375 0.65859375 0.02109375 0.03828125
0 0.9015625 0.46171875 0.08203125 0.10390625