0 0.2234375 0.67890625 0.01953125 0.01953125
0 0.2453125 0.6546875 0.02734375 0.03125
0 0.26171875 0.690625 0.01953125 0.02890625
0 0.3703125 0.6578125 0.01796875 0.0328125
0 0.38046875 0.69296875 0.01328125 0.02734375
0 0.3625 0.7 0.01953125 0.021875
0 0.190625 0.62734375 0.02265625 0.021875
0 0.1546875 0.74609375 0.0234375 0.0484375
0 0.54765625 0.76875 0.04296875 0.04921875
0 0.51328125 0.63125 0.01796875 0.025
0 0.596875 0.659375 0.021875 0.02734375
0 0.57890625 0.65 0.02109375 0.03046875
0 0.61328125 0.7359375 0.02109375 0.04375
0 0.65234375 0.69765625 0.01953125 0.040625
0 0.75078125 0.6671875 0.02421875 0.03828125