0 0.13359375 0.6421875 0.0203125 0.0296875
0 0.2109375 0.62890625 0.02265625 0.02421875
0 0.2875 0.65703125 0.021875 0.0328125
0 0.3546875 0.65078125 0.021875 0.0296875
0 0.3578125 0.63828125 0.03046875 0.02578125
0 0.43359375 0.61953125 0.02265625 0.028125
0 0.3578125 0.69921875 0.0359375 0.03046875
0 0.26015625 0.84765625 0.04140625 0.0671875
0 0.2921875 0.85234375 0.03984375 0.05390625
0 0.41875 0.89453125 0.05078125 0.05
0 0.5109375 0.6671875 0.03359375 0.034375
0 0.515625 0.625 0.028125 0.0296875
0 0.52421875 0.759375 0.02421875 0.0359375
0 0.578125 0.93984375 0.04453125 0.07109375
0 0.65625 0.74609375 0.034375 0.04609375
0 0.29375 0.621875 0.0125 0.03125
0 0.57109375 0.62890625 0.015625 0.0375
0 0.68359375 0.6296875 0.02890625 0.03828125
0 0.7078125 0.62109375 0.028125 0.02578125
0 0.8421875 0.87578125 0.0671875 0.06328125
0 0.89296875 0.7375 0.04296875 0.0484375
0 0.85703125 0.66484375 0.0265625 0.028125
0 0.9265625 0.62421875 0.02578125 0.03046875
0 0.940625 0.64296875 0.01953125 0.0328125
0 0.93515625 0.75546875 0.028125 0.04375
0 0.26171875 0.984375 0.0421875 0.03125