0 0.22421875 0.63046875 0.02109375 0.03125
0 0.23984375 0.67109375 0.028125 0.04375
0 0.31328125 0.825 0.03671875 0.06328125
0 0.3046875 0.88515625 0.040625 0.08984375
0 0.3015625 0.6734375 0.0359375 0.03828125
0 0.31171875 0.6453125 0.025 0.03203125
0 0.309375 0.61328125 0.0234375 0.02734375
0 0.33984375 0.690625 0.01796875 0.02578125
0 0.35546875 0.68984375 0.021875 0.04140625
0 0.62578125 0.94609375 0.0671875 0.06953125
0 0.6796875 0.790625 0.040625 0.04296875
0 0.7359375 0.8421875 0.028125 0.0671875
0 0.85 0.79609375 0.04296875 0.05390625
0 0.93828125 0.9140625 0.07265625 0.071875
0 0.9140625 0.74765625 0.03203125 0.04375
0 0.69921875 0.61328125 0.0296875 0.0375
0 0.56640625 0.63125 0.028125 0.028125
0 0.425 0.60625 0.0203125 0.02734375