0 0.384375 0.71171875 0.0234375 0.03515625
0 0.43515625 0.76875 0.03203125 0.03203125
0 0.40859375 0.7390625 0.03203125 0.04921875
0 0.38828125 0.65546875 0.01796875 0.03125
0 0.17890625 0.6546875 0.0171875 0.0296875
0 0.55390625 0.6625 0.028125 0.02578125
0 0.48359375 0.72109375 0.03984375 0.06328125
0 0.6890625 0.69375 0.03671875 0.03671875
0 0.50703125 0.6390625 0.021875 0.0296875
0 0.715625 0.7234375 0.02578125 0.04140625
0 0.76796875 0.6375 0.0375 0.04453125
0 0.3140625 0.65 0.02734375 0.0234375
0 0.29765625 0.6609375 0.02109375 0.04140625
0 0.1875 0.63515625 0.0234375 0.0359375