0 0.2546875 0.71015625 0.04140625 0.0390625
0 0.26171875 0.66875 0.03125 0.03046875
0 0.28515625 0.6578125 0.021875 0.02890625
0 0.29375 0.6265625 0.02265625 0.02109375
0 0.31640625 0.61796875 0.02109375 0.03203125
0 0.3578125 0.7046875 0.0453125 0.03125
0 0.2625 0.85703125 0.04609375 0.0703125
0 0.38984375 0.57578125 0.0203125 0.021875
0 0.3828125 0.64296875 0.02578125 0.03671875
0 0.4828125 0.62734375 0.02890625 0.0265625
0 0.409375 0.6015625 0.0265625 0.01953125
0 0.209375 0.63046875 0.02890625 0.025
0 0.25625 0.60390625 0.02109375 0.02265625
0 0.58828125 0.68125 0.04296875 0.05546875
0 0.6359375 0.6984375 0.02734375 0.040625
0 0.56796875 0.625 0.0296875 0.021875
0 0.58203125 0.6046875 0.02421875 0.02578125
0 0.69140625 0.62109375 0.03359375 0.03671875
0 0.7171875 0.6578125 0.0359375 0.0265625
0 0.83828125 0.74375 0.05 0.0421875
0 0.83203125 0.78046875 0.05703125 0.05078125
0 0.84453125 0.88515625 0.04296875 0.075
0 0.7921875 0.9546875 0.06640625 0.07109375
0 0.85 0.66328125 0.0203125 0.0328125
0 0.9125 0.6296875 0.02734375 0.02890625
0 0.99375 0.6203125 0.0125 0.02265625
0 0.75078125 0.6109375 0.0203125 0.025