0 0.396875 0.725 0.02109375 0.0546875
0 0.39765625 0.6953125 0.0265625 0.04296875
0 0.36796875 0.65703125 0.021875 0.0359375
0 0.3875 0.64609375 0.01796875 0.03828125
0 0.2734375 0.72890625 0.0359375 0.040625
0 0.26015625 0.77890625 0.0359375 0.0640625
0 0.19296875 0.765625 0.01953125 0.05859375
0 0.19296875 0.67421875 0.025 0.0421875
0 0.246875 0.66484375 0.02109375 0.05234375
0 0.17421875 0.62265625 0.03125 0.0390625
0 0.18984375 0.565625 0.06328125 0.0375
0 0.49453125 0.62734375 0.02109375 0.03203125
0 0.603125 0.66328125 0.02578125 0.05078125
0 0.73515625 0.675 0.0328125 0.03203125
0 0.75390625 0.66171875 0.034375 0.03515625