0 0.503125 0.64609375 0.02421875 0.03828125
0 0.35625 0.7484375 0.0328125 0.03671875
0 0.55703125 0.65390625 0.02578125 0.05546875
0 0.415625 0.696875 0.028125 0.0359375
0 0.7546875 0.6609375 0.02734375 0.0484375
0 0.37734375 0.65078125 0.025 0.03046875
0 0.20234375 0.63359375 0.015625 0.02265625
0 0.1890625 0.65078125 0.0125 0.02421875
0 0.39453125 0.69375 0.03671875 0.02734375
0 0.309375 0.64609375 0.02421875 0.03125
0 0.25078125 0.696875 0.028125 0.03203125
0 0.178125 0.75625 0.0203125 0.04375
0 0.31796875 0.8078125 0.04296875 0.04140625
0 0.1890625 0.628125 0.01640625 0.02109375
0 0.21953125 0.67109375 0.01875 0.02421875
0 0.67421875 0.753125 0.03203125 0.03828125
0 0.70234375 0.75 0.04140625 0.0390625
0 0.22734375 0.734375 0.03359375 0.02265625