0 0.63046875 0.65703125 0.034375 0.0296875
0 0.40390625 0.69765625 0.03515625 0.03515625
0 0.4953125 0.6578125 0.0203125 0.0421875
0 0.72421875 0.671875 0.0390625 0.0421875
0 0.40234375 0.653125 0.028125 0.0265625
0 0.3578125 0.75234375 0.03046875 0.05703125
0 0.70234375 0.74140625 0.034375 0.04765625
0 0.2921875 0.71640625 0.02578125 0.05078125
0 0.76015625 0.67265625 0.02109375 0.03359375
0 0.346875 0.671875 0.01328125 0.0171875
0 0.18125 0.76328125 0.0265625 0.05234375
0 0.60390625 0.76328125 0.02109375 0.025
0 0.47421875 0.64453125 0.021875 0.034375
0 0.31171875 0.64375 0.02265625 0.03671875
0 0.3234375 0.784375 0.02265625 0.040625
0 0.62734375 0.7640625 0.01875 0.02421875
0 0.259375 0.6828125 0.01796875 0.03125
0 0.18203125 0.675 0.02109375 0.04609375
0 0.17109375 0.64453125 0.025 0.015625
0 0.20234375 0.625 0.0171875 0.02578125
0 0.2140625 0.6484375 0.01875 0.02421875
0 0.2234375 0.675 0.025 0.0234375
0 0.1921875 0.6828125 0.0296875 0.02890625
0 0.196875 0.77421875 0.0375 0.04609375
0 0.55859375 0.75625 0.01953125 0.0453125
0 0.6609375 0.8 0.046875 0.05546875