0 0.3296875 0.85390625 0.0421875 0.04453125
0 0.546875 0.97421875 0.0484375 0.05078125
0 0.71171875 0.971875 0.059375 0.05625
0 0.83515625 0.7828125 0.06328125 0.0546875
0 0.61328125 0.68359375 0.03671875 0.0453125
0 0.22890625 0.70078125 0.04140625 0.040625
0 0.23203125 0.6625 0.034375 0.034375
0 0.63203125 0.6421875 0.0328125 0.034375
0 0.37734375 0.6390625 0.03203125 0.028125
0 0.52890625 0.62421875 0.0328125 0.03046875
0 0.9515625 0.63671875 0.0328125 0.03203125
0 0.75859375 0.8515625 0.03203125 0.040625
0 0.18359375 0.6765625 0.028125 0.03671875
0 0.27421875 0.6578125 0.01953125 0.028125
0 0.64765625 0.6078125 0.02421875 0.0265625
0 0.20625 0.63828125 0.0203125 0.02265625
0 0.3109375 0.621875 0.01640625 0.02421875