0 0.55 0.69140625 0.03828125 0.03984375
0 0.64921875 0.66328125 0.040625 0.03203125
0 0.6921875 0.69921875 0.03359375 0.0296875
0 0.7625 0.659375 0.02109375 0.04921875
0 0.20390625 0.63671875 0.02421875 0.04296875
0 0.5 0.8125 0.0171875 0.0359375
0 0.48046875 0.6375 0.03046875 0.03515625
0 0.46015625 0.63671875 0.02578125 0.03984375
0 0.46484375 0.7625 0.03203125 0.04296875
0 0.50546875 0.771875 0.0296875 0.05625
0 0.59921875 0.76875 0.02578125 0.05078125
0 0.37265625 0.703125 0.04609375 0.0421875
0 0.378125 0.68515625 0.02578125 0.0328125
0 0.353125 0.6515625 0.0140625 0.04921875
0 0.2984375 0.65859375 0.0265625 0.03125
0 0.32421875 0.63828125 0.02109375 0.0359375
0 0.26171875 0.6890625 0.01640625 0.02109375
0 0.27421875 0.740625 0.01953125 0.02890625
0 0.32890625 0.765625 0.0328125 0.0484375
0 0.81328125 0.67109375 0.01953125 0.0484375
0 0.57265625 0.66484375 0.01796875 0.0296875