0 0.2125 0.596875 0.01640625 0.0234375
0 0.20390625 0.6203125 0.01953125 0.025
0 0.184375 0.653125 0.0203125 0.0296875
0 0.2515625 0.6578125 0.02421875 0.028125
0 0.28203125 0.65625 0.025 0.040625
0 0.2671875 0.7140625 0.02109375 0.02890625
0 0.3046875 0.7171875 0.02265625 0.040625
0 0.31484375 0.675 0.01953125 0.0296875
0 0.278125 0.8390625 0.03671875 0.04765625
0 0.2140625 0.96953125 0.04765625 0.05078125
0 0.23125 0.93828125 0.04296875 0.0328125
0 0.48984375 0.90390625 0.02890625 0.05546875
0 0.5296875 0.94765625 0.034375 0.0609375
0 0.57265625 0.721875 0.0359375 0.04296875
0 0.6390625 0.72890625 0.03046875 0.04375
0 0.70703125 0.85234375 0.0453125 0.05078125
0 0.740625 0.78984375 0.046875 0.046875
0 0.846875 0.7859375 0.06171875 0.05546875
0 0.934375 0.740625 0.03671875 0.0375
0 0.9078125 0.64140625 0.040625 0.03984375
0 0.7921875 0.640625 0.03203125 0.03046875
0 0.6984375 0.62421875 0.0265625 0.02890625
0 0.734375 0.61484375 0.0296875 0.02734375
0 0.5328125 0.6265625 0.02421875 0.03828125
0 0.56484375 0.6234375 0.025 0.03046875
0 0.36796875 0.63671875 0.02734375 0.03359375
0 0.8234375 0.625 0.021875 0.03359375
0 0.4453125 0.625 0.01328125 0.0234375
0 0.259375 0.61953125 0.0171875 0.025
0 0.2953125 0.609375 0.01796875 0.01875
0 0.39765625 0.5890625 0.01796875 0.01875