0 0.1609375 0.66953125 0.0203125 0.0296875
0 0.2265625 0.64375 0.01796875 0.02578125
0 0.27734375 0.66796875 0.01875 0.028125
0 0.30625 0.6421875 0.01484375 0.0234375
0 0.28671875 0.6875 0.028125 0.0328125
0 0.30234375 0.80625 0.0421875 0.040625
0 0.35078125 0.69375 0.0296875 0.0390625
0 0.384375 0.646875 0.015625 0.02421875
0 0.42109375 0.63046875 0.02109375 0.0265625
0 0.4296875 0.69140625 0.02578125 0.03125
0 0.5546875 0.6484375 0.028125 0.03203125
0 0.578125 0.70390625 0.02265625 0.03671875
0 0.58046875 0.78203125 0.040625 0.04921875
0 0.528125 0.8328125 0.03359375 0.0625
0 0.49921875 0.9734375 0.040625 0.053125
0 0.646875 0.784375 0.04453125 0.04375
0 0.6984375 0.72109375 0.03515625 0.03359375
0 0.703125 0.62265625 0.0265625 0.028125
0 0.5515625 0.62265625 0.01796875 0.02109375
0 0.703125 0.86640625 0.05625 0.05
0 0.73125 0.85625 0.04375 0.0421875
0 0.88046875 0.90625 0.0609375 0.05625
0 0.83515625 0.78203125 0.03984375 0.0328125
0 0.91171875 0.6265625 0.02421875 0.03515625
0 0.9671875 0.64765625 0.025 0.02578125
0 0.828125 0.64765625 0.0296875 0.02734375