0 0.58359375 0.3875 0.053125 0.065625
0 0.56875 0.64765625 0.02734375 0.04375
0 0.3640625 0.72578125 0.03046875 0.03984375
0 0.66953125 0.70546875 0.0234375 0.0546875
0 0.50078125 0.67890625 0.03046875 0.03125
0 0.39140625 0.6828125 0.02890625 0.0265625
0 0.3765625 0.6515625 0.02265625 0.0265625
0 0.53359375 0.72578125 0.034375 0.0671875
0 0.45546875 0.8078125 0.03515625 0.06328125
0 0.73125 0.6015625 0.025 0.04609375
0 0.75625 0.6 0.02109375 0.02890625
0 0.74921875 0.6125 0.01875 0.02265625
0 0.7671875 0.640625 0.04140625 0.03125
0 0.16015625 0.74765625 0.04453125 0.05234375
0 0.11953125 0.671875 0.034375 0.03515625
0 0.28125 0.65390625 0.025 0.0234375
0 0.4953125 0.165625 0.04921875 0.0453125