0 0.65625 0.68828125 0.02890625 0.05
0 0.5734375 0.6640625 0.03125 0.040625
0 0.38125 0.65 0.028125 0.02421875
0 0.48125 0.62421875 0.02890625 0.0296875
0 0.46328125 0.69375 0.0234375 0.046875
0 0.45546875 0.7296875 0.02265625 0.04296875
0 0.41953125 0.8109375 0.0203125 0.06484375
0 0.3921875 0.69375 0.02265625 0.03984375
0 0.3578125 0.74296875 0.03359375 0.0375
0 0.240625 0.65546875 0.01953125 0.021875
0 0.2140625 0.7140625 0.03828125 0.0359375
0 0.1640625 0.6421875 0.0234375 0.02890625
0 0.7609375 0.6046875 0.03125 0.028125