0 0.584375 0.66015625 0.02890625 0.0453125
0 0.3046875 0.72265625 0.04375 0.03984375
0 0.659375 0.65625 0.02578125 0.05234375
0 0.584375 0.66015625 0.02890625 0.0453125
0 0.3046875 0.72265625 0.04375 0.03984375
0 0.659375 0.65625 0.02578125 0.05234375
0 0.590625 0.73203125 0.02265625 0.0359375
0 0.38046875 0.6828125 0.02578125 0.021875
0 0.24140625 0.7 0.02109375 0.0234375
0 0.34375 0.6921875 0.01640625 0.0203125
0 0.49140625 0.63203125 0.02578125 0.03125
0 0.475 0.62265625 0.0125 0.0359375
0 0.3734375 0.6390625 0.02578125 0.03828125
0 0.2828125 0.6375 0.0140625 0.028125
0 0.3234375 0.79609375 0.03671875 0.03515625
0 0.15859375 0.7703125 0.04765625 0.034375
0 0.153125 0.6671875 0.0140625 0.03828125
0 0.19296875 0.68828125 0.03359375 0.04140625
0 0.23125 0.646875 0.0125 0.021875
0 0.24609375 0.6453125 0.01640625 0.021875
0 0.74765625 0.6625 0.01640625 0.053125