0 0.65 0.66171875 0.034375 0.034375
0 0.58515625 0.7109375 0.0203125 0.06796875
0 0.50390625 0.6421875 0.0171875 0.021875
0 0.48671875 0.6828125 0.01953125 0.040625
0 0.553125 0.671875 0.0171875 0.0421875
0 0.58828125 0.64296875 0.01953125 0.0375
0 0.4921875 0.80546875 0.04296875 0.0453125
0 0.43125 0.703125 0.03671875 0.03359375
0 0.45 0.74453125 0.02578125 0.03125
0 0.3828125 0.76015625 0.0234375 0.0296875
0 0.38515625 0.7359375 0.01875 0.02421875
0 0.33984375 0.696875 0.0203125 0.03515625
0 0.35859375 0.6703125 0.015625 0.02890625
0 0.39140625 0.6859375 0.02421875 0.0421875
0 0.39140625 0.64921875 0.02890625 0.0359375
0 0.31171875 0.640625 0.02109375 0.028125
0 0.25 0.72734375 0.02421875 0.03125
0 0.24453125 0.70390625 0.025 0.02421875
0 0.2328125 0.6578125 0.0171875 0.02265625
0 0.20703125 0.6453125 0.0265625 0.021875
0 0.14296875 0.64609375 0.02421875 0.03046875
0 0.17734375 0.6296875 0.0234375 0.03125