0 0.2109375 0.65703125 0.034375 0.040625
0 0.35390625 0.69765625 0.0359375 0.040625
0 0.32421875 0.98359375 0.06171875 0.0328125
0 0.33359375 0.8453125 0.040625 0.0515625
0 0.390625 0.65234375 0.02265625 0.0296875
0 0.64375 0.7078125 0.03359375 0.06015625
0 0.6828125 0.71875 0.0421875 0.05234375
0 0.69140625 0.81640625 0.0484375 0.04921875
0 0.84765625 0.9140625 0.06484375 0.08046875
0 0.846875 0.653125 0.028125 0.0390625
0 0.94453125 0.68984375 0.04296875 0.04140625
0 0.82734375 0.63359375 0.03203125 0.03203125
0 0.55234375 0.6328125 0.034375 0.0328125
0 0.671875 0.61953125 0.02890625 0.03203125
0 0.48359375 0.625 0.02890625 0.02890625
0 0.33125 0.6234375 0.025 0.02734375
0 0.4375 0.63046875 0.02734375 0.02734375