0 0.39375 0.70703125 0.034375 0.04921875
0 0.39296875 0.75859375 0.0359375 0.0515625
0 0.51796875 0.68359375 0.02734375 0.0296875
0 0.50390625 0.659375 0.02421875 0.0359375
0 0.49765625 0.6453125 0.0296875 0.0296875
0 0.54375 0.68359375 0.01796875 0.0234375
0 0.54921875 0.66015625 0.01484375 0.02265625
0 0.4875 0.79453125 0.03671875 0.0515625
0 0.64296875 0.73828125 0.02109375 0.01953125
0 0.6625 0.66328125 0.01953125 0.028125
0 0.75390625 0.6671875 0.0203125 0.03515625
0 0.70546875 0.7328125 0.02421875 0.028125
0 0.6796875 0.73125 0.03203125 0.03828125
0 0.37265625 0.6796875 0.02421875 0.03125
0 0.34453125 0.69140625 0.021875 0.02578125
0 0.33046875 0.65859375 0.02734375 0.04140625
0 0.3140625 0.6328125 0.03125 0.0421875
0 0.36796875 0.63515625 0.015625 0.03125
0 0.30390625 0.65703125 0.01953125 0.02578125
0 0.2015625 0.68046875 0.025 0.0421875
0 0.1953125 0.63203125 0.0203125 0.02890625
0 0.14609375 0.66328125 0.02421875 0.03046875
0 0.51015625 0.61640625 0.0171875 0.0390625