0 0.16171875 0.75703125 0.034375 0.03984375
0 0.19375 0.77734375 0.0265625 0.04453125
0 0.23046875 0.7078125 0.02890625 0.0390625
0 0.3171875 0.64921875 0.0171875 0.02890625
0 0.34921875 0.66875 0.02265625 0.02421875
0 0.37578125 0.66328125 0.02578125 0.025
0 0.365625 0.69765625 0.0296875 0.03125
0 0.40078125 0.74296875 0.03359375 0.0390625
0 0.48046875 0.63125 0.01796875 0.02890625
0 0.51484375 0.6296875 0.025 0.03203125
0 0.57734375 0.66171875 0.03203125 0.03828125
0 0.65625 0.6984375 0.03125 0.0484375
0 0.76328125 0.6625 0.01953125 0.0421875