0 0.1359375 0.675 0.0203125 0.0265625
0 0.3046875 0.59609375 0.0265625 0.02578125
0 0.24453125 0.6515625 0.01953125 0.028125
0 0.3515625 0.721875 0.04921875 0.04140625
0 0.36953125 0.6890625 0.02890625 0.03359375
0 0.3890625 0.70390625 0.03125 0.0390625
0 0.36796875 0.7921875 0.0359375 0.06171875
0 0.36953125 0.63203125 0.01640625 0.02890625
0 0.5109375 0.71484375 0.0453125 0.0453125
0 0.5890625 0.63359375 0.02890625 0.0375
0 0.56796875 0.62890625 0.01953125 0.03515625
0 0.67890625 0.63046875 0.025 0.03515625
0 0.828125 0.64140625 0.028125 0.03671875