0 0.64375 0.65703125 0.0328125 0.03359375
0 0.6671875 0.70546875 0.028125 0.0609375
0 0.64375 0.65703125 0.0328125 0.03359375
0 0.6671875 0.70546875 0.028125 0.0609375
0 0.5109375 0.63671875 0.02890625 0.02265625
0 0.4 0.65859375 0.03125 0.0265625
0 0.37421875 0.65859375 0.0359375 0.034375
0 0.75546875 0.6609375 0.0359375 0.04140625
0 0.39765625 0.68359375 0.0296875 0.0546875
0 0.46015625 0.6375 0.034375 0.03515625
0 0.56171875 0.63671875 0.03984375 0.03046875
0 0.43828125 0.73359375 0.046875 0.04296875
0 0.3046875 0.64921875 0.02421875 0.0265625
0 0.2578125 0.65703125 0.0234375 0.02734375
0 0.21640625 0.6953125 0.0359375 0.025
0 0.184375 0.65 0.01953125 0.028125
0 0.18671875 0.62421875 0.01796875 0.02265625
0 0.1609375 0.64609375 0.025 0.01796875
0 0.16953125 0.75625 0.0359375 0.04296875
0 0.20625 0.75546875 0.03515625 0.03359375
0 0.13046875 0.66953125 0.03515625 0.01953125
0 0.7328125 0.62890625 0.01953125 0.04609375