0 0.21953125 0.71953125 0.0421875 0.04375
0 0.24140625 0.65625 0.03359375 0.03828125
0 0.15703125 0.66796875 0.0234375 0.0328125
0 0.5234375 0.6296875 0.0203125 0.0359375
0 0.603125 0.71484375 0.03046875 0.03984375
0 0.62578125 0.63984375 0.0265625 0.0296875
0 0.65703125 0.70625 0.0296875 0.0421875
0 0.73359375 0.64921875 0.02109375 0.03359375
0 0.75703125 0.6515625 0.03046875 0.02890625
0 0.7890625 0.84609375 0.04375 0.07109375
0 0.30859375 0.61875 0.01796875 0.02578125
0 0.39921875 0.6296875 0.01953125 0.02265625
0 0.24375 0.62890625 0.0171875 0.034375