0 0.26796875 0.684375 0.0171875 0.03515625
0 0.2796875 0.6765625 0.0140625 0.02734375
0 0.3515625 0.6875 0.02265625 0.034375
0 0.3734375 0.69296875 0.0234375 0.03203125
0 0.425 0.8984375 0.02421875 0.05625
0 0.44765625 0.9015625 0.0265625 0.05234375
0 0.653125 0.70234375 0.025 0.0515625
0 0.628125 0.67890625 0.0359375 0.0390625
0 0.69296875 0.640625 0.01796875 0.0265625
0 0.5234375 0.62109375 0.03203125 0.03203125
0 0.4484375 0.646875 0.03515625 0.0328125
0 0.3953125 0.6 0.01953125 0.02578125
0 0.83984375 0.76171875 0.034375 0.0484375
0 0.8734375 0.91484375 0.0515625 0.05703125
0 0.93984375 0.62109375 0.02421875 0.03046875
0 0.33828125 0.63671875 0.01953125 0.028125
0 0.35703125 0.6234375 0.0125 0.021875
0 0.36484375 0.64453125 0.0125 0.015625
0 0.5 0.5953125 0.01640625 0.02109375
0 0.4875 0.60078125 0.015625 0.02265625