0 0.4765625 0.42265625 0.03125 0.0296875
0 0.59609375 0.28828125 0.0265625 0.02109375
0 0.26171875 0.6640625 0.01875 0.034375
0 0.278125 0.65234375 0.0171875 0.03671875
0 0.378125 0.6359375 0.0328125 0.04296875
0 0.3703125 0.81875 0.02734375 0.0765625
0 0.39375 0.7890625 0.03125 0.0734375
0 0.6609375 0.73125 0.028125 0.06875
0 0.5671875 0.62265625 0.025 0.03671875
0 0.709375 0.60703125 0.03359375 0.034375
0 0.865625 0.89609375 0.065625 0.090625
0 0.84921875 0.65546875 0.02734375 0.06171875
0 0.91796875 0.63984375 0.03203125 0.046875
0 0.9328125 0.61328125 0.03125 0.028125
0 0.7296875 0.61640625 0.0234375 0.02890625