0 0.6265625 0.69609375 0.03359375 0.03046875
0 0.48046875 0.63828125 0.02265625 0.04921875
0 0.55859375 0.6640625 0.046875 0.03515625
0 0.584375 0.64453125 0.0265625 0.03046875
0 0.753125 0.60859375 0.0171875 0.034375
0 0.665625 0.79453125 0.0296875 0.0765625
0 0.384375 0.7171875 0.02421875 0.059375
0 0.37421875 0.803125 0.03046875 0.059375
0 0.3796875 0.58046875 0.0421875 0.03828125
0 0.2484375 0.6515625 0.01875 0.02265625
0 0.22890625 0.63125 0.01640625 0.01796875
0 0.14609375 0.66015625 0.01953125 0.0328125