0 0.1765625 0.634375 0.02890625 0.03203125
0 0.56640625 0.659375 0.02109375 0.046875
0 0.2640625 0.715625 0.03203125 0.05
0 0.37734375 0.68671875 0.01953125 0.0203125
0 0.49296875 0.64765625 0.028125 0.0421875
0 0.33828125 0.65703125 0.028125 0.0484375
0 0.29921875 0.6671875 0.0234375 0.02578125
0 0.63125 0.73828125 0.0265625 0.03828125
0 0.609375 0.6671875 0.02265625 0.0421875
0 0.49609375 0.609375 0.01953125 0.03515625
0 0.48984375 0.6296875 0.01640625 0.0375
0 0.68125 0.72109375 0.0328125 0.0375
0 0.72109375 0.7015625 0.0296875 0.0375