0 0.18671875 0.62421875 0.02109375 0.01875
0 0.21796875 0.63984375 0.01484375 0.021875
0 0.1625 0.7046875 0.02734375 0.0359375
0 0.2484375 0.6796875 0.028125 0.0421875
0 0.2921875 0.6453125 0.025 0.03359375
0 0.3171875 0.646875 0.0265625 0.028125
0 0.28359375 0.68671875 0.0296875 0.03125
0 0.2609375 0.73515625 0.025 0.03125
0 0.35625 0.690625 0.0296875 0.03359375
0 0.35859375 0.66171875 0.02421875 0.021875
0 0.425 0.65703125 0.01953125 0.03046875
0 0.45546875 0.6609375 0.02421875 0.04296875
0 0.58984375 0.7390625 0.034375 0.03515625
0 0.6078125 0.72421875 0.0203125 0.04140625
0 0.646875 0.73203125 0.0140625 0.0484375
0 0.69921875 0.746875 0.05 0.0375
0 0.76015625 0.65625 0.01875 0.0296875
0 0.246875 0.6359375 0.02421875 0.02109375