0 0.28828125 0.64453125 0.0234375 0.02578125
0 0.2890625 0.70078125 0.0328125 0.0359375
0 0.3171875 0.66875 0.01875 0.0265625
0 0.32109375 0.625 0.02421875 0.02734375
0 0.3390625 0.61328125 0.021875 0.0203125
0 0.3671875 0.628125 0.01953125 0.02890625
0 0.359375 0.6421875 0.02109375 0.0203125
0 0.3421875 0.65703125 0.02890625 0.034375
0 0.36171875 0.703125 0.034375 0.0328125
0 0.3875 0.7703125 0.034375 0.03984375
0 0.43359375 0.81640625 0.0453125 0.0546875
0 0.409375 0.63359375 0.021875 0.03828125
0 0.5703125 0.63046875 0.0265625 0.0234375
0 0.59140625 0.6296875 0.01484375 0.0265625
0 0.6890625 0.671875 0.02890625 0.05
0 0.70078125 0.62265625 0.025 0.02890625
0 0.825 0.77578125 0.0375 0.07109375
0 0.86484375 0.9125 0.065625 0.05703125
0 0.86640625 0.67890625 0.0296875 0.0375
0 0.8546875 0.6296875 0.02734375 0.02421875
0 0.91328125 0.6359375 0.02109375 0.03515625
0 0.2234375 0.628125 0.01328125 0.034375