0 0.72578125 0.67265625 0.03828125 0.0265625
0 0.39921875 0.72109375 0.02578125 0.0390625
0 0.68515625 0.6890625 0.0265625 0.040625
0 0.49609375 0.64609375 0.021875 0.0234375
0 0.23984375 0.67109375 0.03125 0.02734375
0 0.24296875 0.63359375 0.015625 0.01875
0 0.17265625 0.66171875 0.025 0.028125
0 0.215625 0.71171875 0.0265625 0.034375
0 0.19921875 0.7765625 0.03828125 0.03828125
0 0.42109375 0.6859375 0.0203125 0.0484375
0 0.3515625 0.65390625 0.0359375 0.0484375
0 0.5109375 0.69609375 0.01875 0.06953125
0 0.75390625 0.66875 0.0265625 0.03125