0 0.58359375 0.65078125 0.0234375 0.05390625
0 0.72109375 0.68359375 0.0234375 0.05
0 0.35859375 0.7859375 0.0203125 0.0546875
0 0.51875 0.65625 0.03125 0.04140625
0 0.40390625 0.69296875 0.0171875 0.03203125
0 0.2984375 0.7171875 0.021875 0.053125
0 0.4734375 0.68515625 0.01796875 0.01875
0 0.365625 0.6640625 0.01953125 0.01875
0 0.3765625 0.6984375 0.0140625 0.02109375
0 0.33203125 0.6671875 0.01484375 0.02421875
0 0.171875 0.7578125 0.03359375 0.03046875
0 0.15703125 0.6890625 0.025 0.0390625
0 0.13125 0.6484375 0.02578125 0.03671875
0 0.12578125 0.6671875 0.0234375 0.03828125
0 0.1265625 0.6828125 0.0265625 0.03203125
0 0.18984375 0.64453125 0.01875 0.0265625
0 0.16640625 0.64140625 0.0234375 0.0171875
0 0.19453125 0.63046875 0.0203125 0.01953125
0 0.209375 0.615625 0.01484375 0.0234375
0 0.23671875 0.66171875 0.01640625 0.01953125
0 0.25078125 0.68515625 0.028125 0.0390625
0 0.25546875 0.6765625 0.0125 0.03125
0 0.29296875 0.66484375 0.01796875 0.025
0 0.31328125 0.63828125 0.0171875 0.02890625
0 0.471875 0.6375 0.0265625 0.02265625
0 0.46171875 0.63515625 0.01953125 0.02734375