0 0.2234375 0.63828125 0.02265625 0.02109375
0 0.25234375 0.6875 0.0375 0.046875
0 0.29140625 0.65703125 0.02109375 0.0296875
0 0.2328125 0.8140625 0.03515625 0.05
0 0.253125 0.82109375 0.025 0.040625
0 0.35703125 0.70390625 0.03359375 0.03203125
0 0.38359375 0.65078125 0.02578125 0.02890625
0 0.34921875 0.61796875 0.01796875 0.028125
0 0.44921875 0.6796875 0.03046875 0.0375
0 0.51875 0.66328125 0.02109375 0.03515625
0 0.5453125 0.6359375 0.02421875 0.0328125
0 0.57265625 0.62265625 0.0265625 0.03125
0 0.63984375 0.709375 0.02265625 0.03125
0 0.6796875 0.64765625 0.03671875 0.0453125
0 0.55625 0.9296875 0.0484375 0.0609375
0 0.5328125 0.96796875 0.05 0.06328125
0 0.8671875 0.90859375 0.05078125 0.0796875
0 0.84609375 0.73671875 0.03203125 0.03515625
0 0.83125 0.66015625 0.0203125 0.03203125
0 0.9125 0.6296875 0.02890625 0.03046875
0 0.2796875 0.97890625 0.0421875 0.04140625