0 0.3421875 0.6671875 0.0234375 0.01953125
0 0.31640625 0.646875 0.0203125 0.02421875
0 0.29375 0.6609375 0.01640625 0.02109375
0 0.25390625 0.7109375 0.0234375 0.0234375
0 0.2296875 0.6765625 0.01875 0.021875
0 0.18125 0.634375 0.01484375 0.01484375
0 0.5203125 0.67421875 0.01640625 0.02890625
0 0.54140625 0.66953125 0.02265625 0.034375
0 0.56875 0.6703125 0.01953125 0.0359375
0 0.5953125 0.66484375 0.028125 0.0359375
0 0.62890625 0.7609375 0.04140625 0.03984375
0 0.66953125 0.68828125 0.03203125 0.05234375