0 0.1609375 0.690625 0.03828125 0.03984375
0 0.2203125 0.72265625 0.02421875 0.03125
0 0.28671875 0.64140625 0.03125 0.02890625
0 0.30703125 0.609375 0.021875 0.03984375
0 0.3546875 0.69140625 0.03125 0.0390625
0 0.21875 0.9578125 0.034375 0.0515625
0 0.52109375 0.62578125 0.0265625 0.040625
0 0.5640625 0.63125 0.028125 0.03671875
0 0.68984375 0.61875 0.02421875 0.03125
0 0.7453125 0.68203125 0.03828125 0.04921875
0 0.8328125 0.7828125 0.03671875 0.06171875
0 0.85703125 0.7765625 0.03671875 0.0515625
0 0.74921875 0.853125 0.04140625 0.034375
0 0.86640625 0.90703125 0.053125 0.09375
0 0.91484375 0.63046875 0.03515625 0.03046875
0 0.84296875 0.6640625 0.02578125 0.0328125
0 0.86328125 0.67734375 0.0234375 0.03984375
0 0.75390625 0.63515625 0.028125 0.03359375