0 0.31015625 0.675 0.03359375 0.0453125
0 0.34375 0.69296875 0.0359375 0.028125
0 0.265625 0.82265625 0.0515625 0.04921875
0 0.11484375 0.65546875 0.025 0.04140625
0 0.67734375 0.903125 0.06640625 0.06328125
0 0.7484375 0.94453125 0.046875 0.1046875
0 0.840625 0.94453125 0.071875 0.0734375
0 0.95546875 0.728125 0.084375 0.10859375
0 0.715625 0.69140625 0.03359375 0.04765625
0 0.75625 0.63046875 0.03125 0.0296875
0 0.8015625 0.61953125 0.02890625 0.02734375
0 0.85859375 0.6015625 0.02109375 0.05390625
0 0.903125 0.61328125 0.02578125 0.03515625
0 0.928125 0.6171875 0.02578125 0.0328125
0 0.98203125 0.5890625 0.02421875 0.01953125
0 0.4265625 0.615625 0.01796875 0.03125
0 0.50625 0.6265625 0.021875 0.03125
0 0.56796875 0.62578125 0.01875 0.03125
0 0.2265625 0.625 0.02421875 0.0296875