0 0.37265625 0.73515625 0.03359375 0.0578125
0 0.434375 0.7015625 0.025 0.03984375
0 0.54296875 0.73203125 0.02734375 0.059375
0 0.49921875 0.6671875 0.03359375 0.0375
0 0.34609375 0.665625 0.02421875 0.034375
0 0.31640625 0.63984375 0.02265625 0.0453125
0 0.428125 0.81796875 0.0234375 0.0359375
0 0.26640625 0.71875 0.028125 0.0625
0 0.2390625 0.79140625 0.034375 0.05703125
0 0.17578125 0.75234375 0.0265625 0.04296875
0 0.24609375 0.63828125 0.01640625 0.04140625
0 0.19296875 0.6328125 0.021875 0.02265625
0 0.16640625 0.62734375 0.0203125 0.01875
0 0.47265625 0.6359375 0.03359375 0.04140625
0 0.69921875 0.75078125 0.01484375 0.03515625
0 0.7390625 0.67734375 0.02890625 0.03359375
0 0.81640625 0.66875 0.021875 0.059375