0 0.39921875 0.69140625 0.0359375 0.04140625
0 0.35234375 0.6484375 0.028125 0.05
0 0.30625 0.6484375 0.0265625 0.02734375
0 0.26484375 0.69453125 0.02109375 0.0203125
0 0.19375 0.63984375 0.0171875 0.03359375
0 0.2125 0.6390625 0.0265625 0.0203125
0 0.4265625 0.759375 0.03125 0.06796875
0 0.46953125 0.63203125 0.0203125 0.02734375
0 0.5015625 0.66796875 0.03203125 0.04296875
0 0.525 0.69765625 0.0484375 0.04296875
0 0.5796875 0.6609375 0.021875 0.03125
0 0.59453125 0.67578125 0.02109375 0.03359375
0 0.6890625 0.72265625 0.02734375 0.03671875
0 0.5625 0.76484375 0.03359375 0.034375
0 0.6 0.76171875 0.02265625 0.04453125
0 0.62578125 0.759375 0.0234375 0.0265625
0 0.21171875 0.67578125 0.0234375 0.01796875
0 0.1953125 0.6765625 0.0203125 0.02265625
0 0.73203125 0.68046875 0.025 0.0421875
0 0.75 0.66328125 0.0265625 0.034375