0 0.2 0.68125 0.0296875 0.0421875
0 0.128125 0.70234375 0.02578125 0.0375
0 0.28515625 0.6546875 0.0265625 0.0296875
0 0.3140625 0.66875 0.01640625 0.0390625
0 0.3359375 0.65078125 0.028125 0.0328125
0 0.3640625 0.63984375 0.02265625 0.03125
0 0.35390625 0.71796875 0.02421875 0.04765625
0 0.353125 0.69375 0.03125 0.02734375
0 0.26015625 0.85 0.02734375 0.07109375
0 0.29765625 0.85 0.04140625 0.053125
0 0.43125 0.8703125 0.05234375 0.07421875
0 0.60859375 0.6125 0.0234375 0.04140625
0 0.6734375 0.70390625 0.02890625 0.04296875
0 0.56875 0.63125 0.02109375 0.0265625
0 0.703125 0.61328125 0.021875 0.02578125
0 0.80078125 0.61953125 0.03515625 0.028125
0 0.8734375 0.89453125 0.04140625 0.0734375
0 0.73984375 0.87734375 0.03515625 0.04140625
0 0.88359375 0.59375 0.0328125 0.0390625
0 0.91015625 0.61953125 0.0296875 0.0375
0 0.93515625 0.6359375 0.0296875 0.034375
0 0.93515625 0.77890625 0.028125 0.046875
0 0.87421875 0.80390625 0.0375 0.028125
0 0.63515625 0.60234375 0.015625 0.03359375
0 0.22109375 0.6296875 0.02109375 0.03515625