0 0.378125 0.64921875 0.03046875 0.03671875
0 0.62265625 0.6734375 0.03671875 0.02421875
0 0.5109375 0.64921875 0.021875 0.03125
0 0.24140625 0.6796875 0.03125 0.03125
0 0.75234375 0.6671875 0.03046875 0.0203125
0 0.2953125 0.64296875 0.025 0.0296875
0 0.1921875 0.6296875 0.0125 0.015625
0 0.23671875 0.64296875 0.02109375 0.0234375
0 0.20078125 0.7578125 0.0296875 0.040625
0 0.4234375 0.76953125 0.03046875 0.03125
0 0.4015625 0.73515625 0.021875 0.021875
0 0.37734375 0.6921875 0.0265625 0.0265625
0 0.42421875 0.68984375 0.021875 0.0234375
0 0.425 0.73125 0.0265625 0.03125
0 0.44765625 0.73828125 0.0203125 0.03203125
0 0.75625 0.5984375 0.0203125 0.025