0 0.3921875 0.72734375 0.0265625 0.053125
0 0.48828125 0.69375 0.02421875 0.03984375
0 0.58671875 0.7359375 0.03359375 0.04609375
0 0.384375 0.70703125 0.03046875 0.0515625
0 0.4140625 0.64375 0.02890625 0.04375
0 0.5078125 0.62734375 0.021875 0.0359375
0 0.54296875 0.66796875 0.04296875 0.04765625
0 0.19453125 0.625 0.0171875 0.03125
0 0.2265625 0.6578125 0.0140625 0.0453125
0 0.25 0.66015625 0.03359375 0.02734375
0 0.23828125 0.678125 0.02109375 0.05390625
0 0.22265625 0.73203125 0.0328125 0.0328125
0 0.1671875 0.753125 0.02578125 0.0421875
0 0.16796875 0.64609375 0.01171875 0.02890625
0 0.76953125 0.6296875 0.028125 0.03515625
0 0.753125 0.60546875 0.02734375 0.0265625