0 0.2328125 0.80234375 0.0375 0.0375
0 0.23125 0.83203125 0.05546875 0.0359375
0 0.25625 0.8734375 0.0421875 0.07421875
0 0.315625 0.86875 0.053125 0.05703125
0 0.36953125 0.71328125 0.0375 0.0390625
0 0.34375 0.715625 0.02578125 0.03359375
0 0.33515625 0.66640625 0.03125 0.040625
0 0.284375 0.66328125 0.0203125 0.02734375
0 0.2890625 0.653125 0.01953125 0.028125
0 0.2234375 0.63828125 0.01953125 0.02109375
0 0.24375 0.64140625 0.01640625 0.03203125
0 0.57578125 0.8875 0.05703125 0.0546875
0 0.6203125 0.88984375 0.03515625 0.06328125
0 0.6234375 0.96484375 0.040625 0.06796875
0 0.5578125 0.971875 0.0578125 0.05390625
0 0.803125 0.79609375 0.03359375 0.0609375
0 0.8625 0.79765625 0.03671875 0.053125
0 0.6703125 0.6953125 0.04296875 0.06171875
0 0.5703125 0.675 0.0234375 0.03359375
0 0.54921875 0.6703125 0.025 0.03359375
0 0.52421875 0.628125 0.028125 0.0421875
0 0.56640625 0.61953125 0.02890625 0.04296875
0 0.7328125 0.6578125 0.03515625 0.03515625
0 0.7546875 0.6640625 0.0234375 0.0375
0 0.97578125 0.61640625 0.02734375 0.0359375
0 0.3578125 0.64921875 0.02109375 0.0390625
0 0.49453125 0.475 0.02890625 0.05234375