0 0.6484375 0.6625 0.01953125 0.0578125
0 0.72421875 0.68046875 0.03671875 0.02890625
0 0.7546875 0.66171875 0.03125 0.02890625
0 0.6046875 0.72578125 0.0171875 0.0640625
0 0.4625 0.66484375 0.0359375 0.034375
0 0.49609375 0.634375 0.01640625 0.0390625
0 0.5546875 0.67265625 0.0140625 0.02109375
0 0.56484375 0.66328125 0.01796875 0.01875
0 0.35078125 0.65390625 0.02890625 0.03671875
0 0.278125 0.72890625 0.03828125 0.04609375
0 0.2453125 0.70390625 0.0296875 0.03203125
0 0.2328125 0.65078125 0.025 0.02734375
0 0.24609375 0.640625 0.01640625 0.01640625
0 0.15 0.7421875 0.03828125 0.03828125
0 0.159375 0.621875 0.0234375 0.02890625