0 0.3953125 0.69453125 0.03125 0.0328125
0 0.5984375 0.67109375 0.021875 0.04140625
0 0.546875 0.65234375 0.0328125 0.03203125
0 0.61796875 0.765625 0.01796875 0.021875
0 0.6390625 0.753125 0.02890625 0.01875
0 0.6390625 0.76640625 0.02578125 0.02734375
0 0.27109375 0.73828125 0.0296875 0.02890625
0 0.184375 0.75703125 0.03671875 0.05625
0 0.225 0.66953125 0.02265625 0.02578125
0 0.23828125 0.63984375 0.0140625 0.03125
0 0.19609375 0.62578125 0.01484375 0.021875
0 0.17421875 0.63203125 0.02578125 0.01953125
0 0.13828125 0.65546875 0.01328125 0.03984375
0 0.15078125 0.69609375 0.02578125 0.0328125
0 0.115625 0.68515625 0.0234375 0.02734375
0 0.6984375 0.703125 0.0265625 0.04453125
0 0.721875 0.68515625 0.0234375 0.046875
0 0.8390625 0.6734375 0.0296875 0.040625
0 0.80703125 0.67890625 0.0296875 0.04375